Date,High,Low,Open,Close,Volume,Adj Close
2018-03-27,499.0,455.0,499.0,476.8500061035156,91036634.0,471.78338623046875
2018-03-28,478.8999938964844,463.0,463.8500061035156,469.04998779296875,12056881.0,464.06622314453125
2018-04-02,485.0,472.0,474.8999938964844,475.70001220703125,5239378.0,470.6455993652344
2018-04-03,485.8999938964844,469.1499938964844,474.0,483.45001220703125,2796977.0,478.313232421875
2018-04-04,488.79998779296875,478.0,484.6000061035156,486.04998779296875,2459030.0,480.8855895996094
2018-04-05,514.9000244140625,487.29998779296875,490.0,509.20001220703125,8163440.0,503.7896423339844
2018-04-06,517.7000122070312,505.20001220703125,512.5,508.25,1844654.0,502.8497314453125
2018-04-09,519.9000244140625,496.04998779296875,508.79998779296875,514.4500122070312,2656272.0,508.9838562011719
2018-04-10,520.7999877929688,510.20001220703125,515.0,518.6500244140625,1731872.0,513.1392211914062
2018-04-11,535.0,513.0,519.9000244140625,533.5,3555719.0,527.8314208984375
2018-04-12,540.7999877929688,526.0999755859375,530.0,534.75,1884412.0,529.0681762695312
2018-04-13,536.9500122070312,526.4000244140625,533.0,528.6500244140625,1057977.0,523.0330200195312
2018-04-16,532.3499755859375,516.0999755859375,523.9000244140625,518.7999877929688,760439.0,513.2876586914062
2018-04-17,521.4000244140625,500.0,520.0,505.1000061035156,1156139.0,499.73321533203125
2018-04-18,513.5,501.0,508.0,504.1499938964844,815508.0,498.7933044433594
2018-04-19,508.8999938964844,502.0,505.20001220703125,505.1000061035156,589106.0,499.73321533203125
2018-04-20,510.5,493.1000061035156,505.1000061035156,495.04998779296875,949874.0,489.7899475097656
2018-04-23,504.29998779296875,481.75,496.0,498.3500061035156,2474228.0,493.054931640625
2018-04-24,502.29998779296875,486.0,500.0,489.8500061035156,1200876.0,484.645263671875
2018-04-25,497.1000061035156,485.25,490.04998779296875,494.29998779296875,1313604.0,489.0479431152344
2018-04-26,501.3999938964844,491.1000061035156,497.1000061035156,495.0,1878261.0,489.7405090332031
2018-04-27,522.9500122070312,498.5,498.79998779296875,506.45001220703125,5635987.0,501.06884765625
2018-04-30,515.9000244140625,502.70001220703125,509.5,513.4500122070312,1461600.0,507.9945068359375
2018-05-02,520.9000244140625,511.0,513.0,515.8499755859375,1319363.0,510.3689880371094
2018-05-03,515.0,496.3999938964844,511.95001220703125,502.04998779296875,861937.0,496.7156066894531
2018-05-04,506.0,500.5,503.0,504.6000061035156,1078225.0,499.238525390625
2018-05-07,508.0,492.6499938964844,507.0,494.5,764766.0,489.2458190917969
2018-05-08,497.0,490.0,496.95001220703125,494.3500061035156,568372.0,489.0974426269531
2018-05-09,495.25,485.29998779296875,492.0,488.6000061035156,505802.0,483.4085388183594
2018-05-10,493.8999938964844,484.04998779296875,490.0,486.45001220703125,251959.0,481.2813720703125
2018-05-11,492.20001220703125,480.25,486.54998779296875,484.3500061035156,1030945.0,479.2036437988281
2018-05-14,489.3999938964844,478.3999938964844,484.0,479.95001220703125,377154.0,474.8504333496094
2018-05-15,489.79998779296875,473.5,483.8999938964844,483.8500061035156,1463884.0,478.708984375
2018-05-16,484.8999938964844,475.0,479.8999938964844,482.5,432584.0,477.3733215332031
2018-05-17,487.0,477.6499938964844,483.0,483.8500061035156,477080.0,478.708984375
2018-05-18,485.04998779296875,478.0,481.04998779296875,479.54998779296875,294337.0,474.4546813964844
2018-05-21,481.20001220703125,463.20001220703125,474.0,468.79998779296875,363194.0,463.8188781738281
2018-05-22,477.3999938964844,468.0,468.79998779296875,470.3500061035156,243251.0,465.3524169921875
2018-05-23,500.0,469.29998779296875,471.79998779296875,495.95001220703125,1809012.0,490.680419921875
2018-05-24,495.1000061035156,474.6000061035156,489.79998779296875,477.20001220703125,435390.0,472.1296691894531
2018-05-25,487.0,476.8500061035156,483.75,483.1000061035156,289819.0,477.9669494628906
2018-05-28,488.3999938964844,481.0,486.70001220703125,484.54998779296875,228736.0,479.4015197753906
2018-05-29,488.5,478.25,485.1000061035156,479.75,172900.0,474.6525573730469
2018-05-30,478.95001220703125,468.20001220703125,477.0,469.8999938964844,372779.0,464.9071960449219
2018-05-31,474.0,463.1000061035156,472.20001220703125,470.5,375833.0,465.50079345703125
2018-06-01,478.75,470.0,470.0,475.1000061035156,347149.0,470.0519714355469
2018-06-04,479.0,470.3999938964844,479.0,473.95001220703125,331178.0,468.9142150878906
2018-06-05,474.0,456.1499938964844,474.0,470.04998779296875,535857.0,465.0555725097656
2018-06-06,503.6000061035156,467.0,471.0,495.70001220703125,2580270.0,490.4330749511719
2018-06-07,502.8999938964844,491.20001220703125,501.0,498.04998779296875,767664.0,492.7580871582031
2018-06-08,502.3500061035156,492.29998779296875,496.8999938964844,498.1000061035156,971489.0,492.8075866699219
2018-06-11,529.0,496.04998779296875,501.0,512.2000122070312,3530631.0,506.75775146484375
2018-06-12,525.5,505.54998779296875,510.1000061035156,520.2000122070312,1061375.0,514.6727294921875
2018-06-13,539.8499755859375,518.5499877929688,521.0499877929688,535.7000122070312,1541850.0,530.008056640625
2018-06-14,560.0,538.0,538.0,547.2000122070312,3171005.0,541.3858642578125
2018-06-15,553.7999877929688,531.4000244140625,544.4000244140625,550.1500244140625,1468910.0,544.3046264648438
2018-06-18,557.9000244140625,545.2000122070312,548.0499877929688,551.9500122070312,653866.0,546.08544921875
2018-06-19,549.9500122070312,532.0,546.25,534.2000122070312,603528.0,528.5240478515625
2018-06-20,551.4000244140625,535.1500244140625,536.9500122070312,539.7000122070312,617216.0,533.965576171875
2018-06-21,547.9000244140625,535.1500244140625,541.0,537.5499877929688,327133.0,531.83837890625
2018-06-22,544.0,533.1500244140625,537.5499877929688,536.0999755859375,293938.0,530.40380859375
2018-06-25,542.0,533.0499877929688,538.3499755859375,534.5,308692.0,528.8208618164062
2018-06-26,542.0,528.0499877929688,532.0999755859375,531.5,1183515.0,525.8526611328125
2018-06-27,535.0,520.0499877929688,535.0,523.8499755859375,855250.0,518.283935546875
2018-06-28,523.8499755859375,508.0,522.0,512.2000122070312,260547.0,506.75775146484375
2018-06-29,530.0,512.25,514.9500122070312,526.5499877929688,346849.0,520.955322265625
2018-07-02,530.6500244140625,523.0,530.0,527.6500244140625,1119123.0,522.0436401367188
2018-07-03,567.7999877929688,525.0,527.0,559.25,679896.0,553.307861328125
2018-07-04,558.7000122070312,545.0499877929688,552.7999877929688,548.4500122070312,367351.0,542.6226196289062
2018-07-05,549.7999877929688,538.0,547.1500244140625,540.0499877929688,270838.0,534.3118286132812
2018-07-06,548.4000244140625,538.0499877929688,538.0499877929688,544.2999877929688,313428.0,538.5166625976562
2018-07-09,560.7000122070312,544.5,548.7999877929688,557.9500122070312,687065.0,552.0216674804688
2018-07-10,585.9500122070312,561.0,561.0,580.0,1321938.0,573.83740234375
2018-07-11,588.7999877929688,564.0,577.0,567.4000244140625,862150.0,561.3712768554688
2018-07-12,572.0,555.6500244140625,569.9000244140625,563.1500244140625,960998.0,558.150146484375
2018-07-13,579.3499755859375,556.4000244140625,564.7999877929688,568.9500122070312,1274500.0,563.8986206054688
2018-07-16,564.7999877929688,544.5499877929688,558.25,557.3499755859375,433679.0,552.4015502929688
2018-07-17,566.4000244140625,552.0499877929688,559.9000244140625,562.75,397824.0,557.753662109375
2018-07-18,607.7000122070312,564.0,564.0,600.5,5518147.0,595.1685180664062
2018-07-19,633.0,590.3499755859375,599.0,617.5,3883898.0,612.0175170898438
2018-07-20,706.7999877929688,616.0,618.0,687.4000244140625,5425223.0,681.2969970703125
2018-07-23,714.0,665.5499877929688,685.0,681.2000122070312,2813794.0,675.1520385742188
2018-07-24,712.9000244140625,681.2999877929688,681.2999877929688,708.7000122070312,2345515.0,702.4078369140625
2018-07-25,715.0,688.4000244140625,709.9000244140625,695.0999755859375,1490189.0,688.9285888671875
2018-07-26,702.9000244140625,660.0999755859375,697.9000244140625,664.5,1091444.0,658.6002807617188
2018-07-27,696.7000122070312,667.0,667.0499877929688,687.0499877929688,1354625.0,680.9500122070312
2018-07-30,707.9500122070312,685.9500122070312,690.4000244140625,690.0,769600.0,683.8739013671875
2018-07-31,719.7999877929688,682.5999755859375,690.0999755859375,701.3499755859375,1586042.0,695.1231079101562
2018-08-01,714.0,703.0,703.5,706.9500122070312,602841.0,700.6734008789062
2018-08-02,708.7000122070312,693.0,708.5999755859375,699.4500122070312,622240.0,693.239990234375
2018-08-03,710.4500122070312,693.5,704.4500122070312,698.7000122070312,651603.0,692.4967041015625
2018-08-06,704.3499755859375,685.0,704.3499755859375,688.8499755859375,676161.0,682.7340698242188
2018-08-07,691.6500244140625,671.75,689.9000244140625,675.4500122070312,569071.0,669.4530639648438
2018-08-08,696.0,675.4500122070312,675.4500122070312,692.75,584943.0,686.5994873046875
2018-08-09,741.7999877929688,694.0999755859375,694.0999755859375,729.7000122070312,3562003.0,723.221435546875
2018-08-10,731.4000244140625,695.0,731.4000244140625,702.7000122070312,818271.0,696.4611206054688
2018-08-13,702.4000244140625,680.5499877929688,699.7999877929688,685.5,663776.0,679.413818359375
2018-08-14,707.75,685.5,685.5,698.9000244140625,960441.0,692.6949462890625
2018-08-16,706.9500122070312,690.0,694.0,700.6500244140625,501028.0,694.4293823242188
2018-08-17,711.4500122070312,702.1500244140625,704.9500122070312,703.9000244140625,723488.0,697.6505126953125
2018-08-20,709.6500244140625,698.0,707.9500122070312,699.75,376704.0,693.537353515625
2018-08-21,698.0,682.0,698.0,685.0499877929688,589147.0,678.9678344726562
2018-08-23,692.4000244140625,662.3499755859375,690.0,665.7000122070312,1671749.0,659.7896728515625
2018-08-24,681.0,612.0,666.5,674.5999755859375,5165184.0,668.610595703125
2018-08-27,704.0999755859375,681.4000244140625,681.6500244140625,689.3499755859375,1698763.0,683.2296142578125
2018-08-28,701.0,681.6500244140625,695.9000244140625,698.0,894560.0,691.8028564453125
2018-08-29,700.0,681.0999755859375,700.0,686.1500244140625,821218.0,680.05810546875
2018-08-30,694.7999877929688,674.2000122070312,686.0,677.4000244140625,430372.0,671.3857421875
2018-08-31,698.25,672.7000122070312,677.4500122070312,694.7999877929688,737840.0,688.6312866210938
2018-09-03,696.0,667.7999877929688,694.0499877929688,670.75,730245.0,664.7947387695312
2018-09-04,677.9500122070312,630.0,674.9500122070312,638.2999877929688,1310534.0,632.6328735351562
2018-09-05,656.6500244140625,616.7000122070312,635.0,635.4000244140625,11060659.0,629.7586669921875
2018-09-06,654.2999877929688,640.0,645.0,643.1500244140625,794953.0,637.4398803710938
2018-09-07,661.9500122070312,640.0499877929688,643.0999755859375,658.6500244140625,750500.0,652.80224609375
2018-09-10,665.9000244140625,642.5,660.0,646.2999877929688,783340.0,640.5618896484375
2018-09-11,657.2999877929688,614.25,648.9500122070312,620.25,931807.0,614.7431640625
2018-09-12,630.3499755859375,598.0,622.0499877929688,612.7999877929688,1281396.0,607.3593139648438
2018-09-14,639.7000122070312,620.5,620.5,625.2999877929688,847107.0,619.7483520507812
2018-09-17,632.0,613.0,623.7999877929688,624.5,547457.0,618.9554443359375
2018-09-18,633.0,618.0,627.0,619.4000244140625,323964.0,613.9006958007812
2018-09-19,626.9500122070312,599.0,621.0999755859375,602.2999877929688,529034.0,596.9525146484375
2018-09-21,623.9500122070312,545.0499877929688,610.0,569.5999755859375,4891350.0,564.5427856445312
2018-09-24,580.4500122070312,538.0,575.0,547.75,1802699.0,542.8869018554688
2018-09-25,576.75,531.0,545.0,567.0499877929688,1441799.0,562.0154418945312
2018-09-26,575.9500122070312,548.0,572.0,552.5999755859375,625749.0,547.6937255859375
2018-09-27,577.0,542.2999877929688,554.7999877929688,570.3499755859375,1230585.0,565.2861938476562
2018-09-28,575.2999877929688,550.0499877929688,570.3499755859375,565.25,896827.0,560.2314453125
2018-10-01,485.8999938964844,452.20001220703125,475.54998779296875,452.20001220703125,4197547.0,448.1851806640625
2018-10-03,498.79998779296875,422.1000061035156,437.0,446.3999938964844,13911206.0,442.4366760253906
2018-10-04,465.29998779296875,430.1000061035156,438.0,458.3999938964844,4294419.0,454.33013916015625
2018-10-05,468.95001220703125,451.75,460.0,458.79998779296875,2153997.0,454.7265625
2018-10-08,489.6000061035156,456.29998779296875,464.0,471.20001220703125,1795572.0,467.0165100097656
2018-10-09,492.0,476.3999938964844,476.3999938964844,486.8500061035156,1134177.0,482.5275573730469
2018-10-10,521.3499755859375,493.04998779296875,498.0,512.1500244140625,5186411.0,507.6029357910156
2018-10-11,491.95001220703125,462.1499938964844,490.0,470.20001220703125,3521166.0,466.025390625
2018-10-12,485.8500061035156,463.0,475.0,467.79998779296875,1559358.0,463.64666748046875
2018-10-15,482.0,467.0,480.0,470.75,1185286.0,466.57049560546875
2018-10-16,476.0,463.04998779296875,474.0,463.95001220703125,721266.0,459.83087158203125
2018-10-17,471.95001220703125,450.54998779296875,466.0,454.45001220703125,766677.0,450.41522216796875
2018-10-19,451.3999938964844,405.0,450.6000061035156,416.29998779296875,2075324.0,412.6038818359375
2018-10-22,425.0,403.0,425.0,408.95001220703125,787706.0,405.3191833496094
2018-10-23,407.75,397.0,403.0,399.79998779296875,1169804.0,396.2503967285156
2018-10-24,408.8999938964844,385.04998779296875,406.0,392.79998779296875,1817323.0,389.3125305175781
2018-10-25,389.0,377.20001220703125,386.20001220703125,380.04998779296875,2489963.0,376.6757507324219
2018-10-26,389.25,368.1000061035156,375.04998779296875,380.45001220703125,1687866.0,377.07220458984375
2018-10-29,404.0,381.04998779296875,385.54998779296875,398.70001220703125,1440974.0,395.16015625
2018-10-30,399.79998779296875,383.0,399.79998779296875,384.6000061035156,1355884.0,381.18536376953125
2018-10-31,395.6000061035156,386.79998779296875,389.95001220703125,390.25,500973.0,386.78521728515625
2018-11-01,417.95001220703125,391.0,395.0,411.29998779296875,1254442.0,407.6482849121094
2018-11-02,449.0,415.5,416.0,426.8500061035156,1873856.0,423.0602722167969
2018-11-05,444.0,426.0,429.75,435.95001220703125,1038453.0,432.0794372558594
2018-11-06,445.70001220703125,435.0,444.8999938964844,437.54998779296875,317131.0,433.66522216796875
2018-11-07,444.70001220703125,437.0,444.70001220703125,439.3500061035156,77012.0,435.44927978515625
2018-11-09,440.70001220703125,426.3999938964844,440.0,431.5,314171.0,427.6689453125
2018-11-12,438.70001220703125,423.1000061035156,432.0,425.8999938964844,243969.0,422.1186828613281
2018-11-13,435.0,418.1000061035156,424.0,432.3999938964844,346706.0,428.5609436035156
2018-11-14,437.70001220703125,425.6499938964844,432.8500061035156,433.6000061035156,303657.0,429.7503356933594
2018-11-15,463.95001220703125,430.0,430.0,459.75,1065162.0,455.66815185546875
2018-11-16,489.8999938964844,462.0,465.0,476.20001220703125,1475264.0,471.97210693359375
2018-11-19,485.70001220703125,472.29998779296875,479.3999938964844,478.20001220703125,482371.0,473.954345703125
2018-11-20,475.25,460.0,475.25,462.1499938964844,316673.0,458.0468444824219
2018-11-21,473.0,460.0,463.79998779296875,466.8500061035156,284630.0,462.7051086425781
2018-11-22,471.70001220703125,452.0,468.1499938964844,454.04998779296875,306564.0,450.01873779296875
2018-11-26,459.45001220703125,442.04998779296875,455.79998779296875,453.54998779296875,402970.0,449.5231628417969
2018-11-27,473.5,444.0,451.95001220703125,464.95001220703125,796421.0,460.8219909667969
2018-11-28,471.95001220703125,456.3999938964844,465.0,466.54998779296875,484897.0,462.40777587890625
2018-11-29,489.20001220703125,466.0,469.95001220703125,487.0,884658.0,482.67620849609375
2018-11-30,498.20001220703125,470.20001220703125,489.0,483.6499938964844,967220.0,479.35595703125
2018-12-03,493.8999938964844,483.1000061035156,487.95001220703125,491.45001220703125,762010.0,487.08673095703125
2018-12-04,494.0,482.6000061035156,494.0,487.1499938964844,463146.0,482.8248596191406
2018-12-05,486.6000061035156,476.0,484.5,478.0,286779.0,473.756103515625
2018-12-06,475.8999938964844,467.1000061035156,473.0,470.1499938964844,395693.0,465.9757995605469
2018-12-07,476.95001220703125,469.1499938964844,475.3999938964844,472.0,516623.0,467.80938720703125
2018-12-10,496.54998779296875,462.0,462.0,472.0,1025039.0,467.80938720703125
2018-12-11,476.0,462.0,462.0,466.8500061035156,693846.0,462.7051086425781
2018-12-12,482.0,468.3999938964844,472.0,471.95001220703125,1832665.0,467.7598571777344
2018-12-13,514.7999877929688,490.5,490.5,504.25,2763716.0,499.7730712890625
2018-12-14,541.0999755859375,503.5,504.0,533.7999877929688,1910555.0,529.0607299804688
2018-12-17,572.2999877929688,535.0,536.9000244140625,564.4500122070312,1905044.0,559.4385375976562
2018-12-18,583.7000122070312,560.0,568.0,571.5,1701394.0,566.4259643554688
2018-12-19,577.5,554.0,572.7999877929688,556.4000244140625,769720.0,551.4600830078125
2018-12-20,553.9000244140625,532.0,553.9000244140625,537.5999755859375,836712.0,532.826904296875
2018-12-21,553.0,521.0,540.0,526.7999877929688,1268961.0,522.1228637695312
2018-12-24,536.9000244140625,506.0,529.5,524.25,1377036.0,519.595458984375
2018-12-26,551.8499755859375,507.25,523.0,545.3499755859375,1730042.0,540.5081176757812
2018-12-27,557.6500244140625,537.0,550.0,540.5999755859375,653631.0,535.80029296875
2018-12-28,549.0,532.0,543.0,535.8499755859375,567056.0,531.0924682617188
2018-12-31,552.75,534.7999877929688,538.4500122070312,550.1500244140625,1166345.0,545.2655639648438
2019-01-01,560.0,544.0999755859375,552.5,556.7000122070312,589317.0,551.7573852539062
2019-01-02,563.7000122070312,549.5999755859375,553.0,552.1500244140625,834846.0,547.247802734375
2019-01-03,554.0,530.0,551.0,533.7999877929688,620161.0,529.0607299804688
2019-01-04,541.7000122070312,527.0499877929688,534.25,528.9000244140625,579027.0,524.2042236328125
2019-01-07,542.0,495.54998779296875,540.0,498.04998779296875,2684675.0,493.6280822753906
2019-01-08,501.0,471.0,482.0,477.04998779296875,7365909.0,472.81451416015625
2019-01-09,487.8500061035156,450.79998779296875,480.0,455.3999938964844,5226669.0,451.3567810058594
2019-01-10,474.79998779296875,451.1000061035156,452.0,471.54998779296875,8091914.0,467.3633728027344
2019-01-11,468.79998779296875,452.0,468.79998779296875,454.3999938964844,2690726.0,450.3656311035156
2019-01-14,455.79998779296875,437.45001220703125,453.6000061035156,443.20001220703125,1802629.0,439.2651062011719
2019-01-15,455.29998779296875,444.1499938964844,444.1499938964844,452.54998779296875,1668895.0,448.53204345703125
2019-01-16,457.95001220703125,446.95001220703125,453.0,448.6499938964844,728778.0,444.66668701171875
2019-01-17,454.0,447.5,450.70001220703125,449.75,679418.0,445.7569274902344
2019-01-18,452.6000061035156,439.0,452.0,440.1499938964844,518541.0,436.2421569824219
2019-01-21,442.0,425.0,442.0,426.6000061035156,681714.0,422.8124694824219
2019-01-22,425.8999938964844,407.1000061035156,425.8999938964844,408.95001220703125,1366028.0,405.3191833496094
2019-01-23,419.6000061035156,409.0,409.0,414.20001220703125,1023822.0,410.5225830078125
2019-01-24,419.20001220703125,408.5,419.0,413.8999938964844,1169284.0,410.2252197265625
2019-01-25,429.8999938964844,414.5,418.5,424.45001220703125,1308247.0,420.6815490722656
2019-01-28,428.70001220703125,411.25,424.8999938964844,417.70001220703125,675570.0,413.9914855957031
2019-01-29,416.0,403.0,415.0,409.6000061035156,624021.0,405.9634094238281
2019-01-30,415.0,404.0,415.0,405.95001220703125,687905.0,402.3458251953125
2019-01-31,410.0,397.0,410.0,403.95001220703125,957862.0,400.3635559082031
2019-02-01,410.6499938964844,397.95001220703125,404.5,404.8500061035156,1216281.0,401.2555847167969
2019-02-04,409.6000061035156,400.1000061035156,409.6000061035156,403.79998779296875,454495.0,400.2148742675781
2019-02-05,422.6000061035156,403.0,406.0,416.6499938964844,1358194.0,412.9508056640625
2019-02-06,444.0,420.5,421.8999938964844,440.3999938964844,2129366.0,436.48992919921875
2019-02-07,464.0,445.0,446.0,460.45001220703125,1862489.0,456.3619384765625
2019-02-08,468.95001220703125,453.95001220703125,465.0,464.75,981473.0,460.6237487792969
2019-02-11,468.0,451.5,466.0,464.20001220703125,502110.0,460.0786437988281
2019-02-12,477.95001220703125,457.25,463.6000061035156,471.79998779296875,991828.0,467.61114501953125
2019-02-14,484.6000061035156,473.6000061035156,478.29998779296875,479.3500061035156,533208.0,475.0941467285156
2019-02-15,484.0,468.1499938964844,479.0,473.0,687122.0,468.8005065917969
2019-02-18,477.0,465.0,476.0,468.3500061035156,329910.0,464.1917724609375
2019-02-19,479.79998779296875,458.0,466.0,475.8500061035156,382889.0,471.6252136230469
2019-02-20,478.8999938964844,472.0,476.20001220703125,477.25,365546.0,473.01275634765625
2019-02-21,494.8999938964844,478.04998779296875,479.0,488.70001220703125,1101018.0,484.3611145019531
2019-02-22,497.75,472.0,489.04998779296875,483.45001220703125,726569.0,479.1577453613281
2019-02-25,493.54998779296875,477.0,486.0,480.1000061035156,631008.0,475.8374938964844
2019-02-26,486.8999938964844,466.20001220703125,466.20001220703125,479.0,1697793.0,474.74725341796875
2019-02-27,487.95001220703125,472.0,483.79998779296875,480.29998779296875,1543240.0,476.03570556640625
2019-02-28,487.5,478.0,479.0,480.04998779296875,4454613.0,475.78790283203125
2019-03-01,486.0,478.0,484.5,480.04998779296875,242847.0,475.78790283203125
2019-03-05,492.04998779296875,480.0,483.0,486.5,444948.0,482.1806335449219
2019-03-06,508.0,486.5,493.0,501.04998779296875,1584714.0,496.6014404296875
2019-03-07,507.0,494.20001220703125,506.0,496.6499938964844,564316.0,492.24053955078125
2019-03-08,506.79998779296875,492.0,495.0,502.1499938964844,709084.0,497.6916809082031
2019-03-11,512.9000244140625,503.04998779296875,507.95001220703125,511.29998779296875,925642.0,506.76043701171875
2019-03-12,526.5,504.0,513.9000244140625,522.1500244140625,1557324.0,517.51416015625
2019-03-13,525.0,514.0,523.9000244140625,517.0,480028.0,512.4098510742188
2019-03-14,524.7000122070312,511.54998779296875,518.0,513.5999755859375,416149.0,509.0400085449219
2019-03-15,521.4000244140625,510.0,516.8499755859375,511.6499938964844,490943.0,507.10736083984375
2019-03-18,508.0,490.1000061035156,508.0,492.3999938964844,823788.0,488.02825927734375
2019-03-19,503.29998779296875,487.45001220703125,493.0,500.6000061035156,669993.0,496.1554870605469
2019-03-20,505.0,495.79998779296875,502.0,497.70001220703125,269229.0,493.2812194824219
2019-03-22,508.0,499.75,500.5,501.8500061035156,1048361.0,497.39434814453125
2019-03-25,499.8999938964844,487.0,498.0,487.8500061035156,254805.0,483.5186767578125
2019-03-26,493.54998779296875,487.0,492.0,487.79998779296875,253540.0,483.4691162109375
2019-03-27,498.29998779296875,484.1499938964844,490.0,492.70001220703125,586002.0,488.3255920410156
2019-03-28,532.4000244140625,495.0,496.79998779296875,522.3499755859375,1603747.0,517.7123413085938
2019-04-01,534.5999755859375,525.5999755859375,528.5,530.0999755859375,602748.0,525.3934936523438
2019-04-02,536.0,520.2999877929688,532.7999877929688,531.3499755859375,514031.0,526.6324462890625
2019-04-03,554.7000122070312,532.0999755859375,532.0999755859375,550.2000122070312,1604829.0,545.3151245117188
2019-04-04,557.7000122070312,541.0999755859375,551.0,545.7999877929688,757129.0,540.9541015625
2019-04-05,552.2999877929688,543.25,546.0,548.1500244140625,269553.0,543.2832641601562
2019-04-08,550.8499755859375,527.7999877929688,549.3499755859375,547.0,890939.0,542.1434936523438
2019-04-09,559.0,536.0999755859375,548.0,552.2999877929688,957580.0,547.3964233398438
2019-04-10,556.5999755859375,542.0499877929688,551.8499755859375,549.6500244140625,736805.0,544.7699584960938
2019-04-11,547.75,537.0999755859375,543.0,539.6500244140625,269565.0,534.8588256835938
2019-04-12,543.4000244140625,532.3499755859375,540.0,534.0,217318.0,529.2589111328125
2019-04-15,537.3499755859375,522.5999755859375,535.0,534.75,197838.0,530.0022583007812
2019-04-16,567.0,535.0,535.0,557.75,980542.0,552.7980346679688
2019-04-18,577.4000244140625,562.0,563.0,567.9500122070312,1053129.0,562.9075317382812
2019-04-22,579.9000244140625,557.9500122070312,566.0,562.5499877929688,738274.0,557.555419921875
2019-04-23,578.2999877929688,565.0,566.9000244140625,575.75,969280.0,570.6382446289062
2019-04-24,609.9000244140625,580.0,582.75,605.5,2421671.0,600.1241455078125
2019-04-25,613.0,587.2999877929688,607.0,590.4500122070312,957629.0,585.2077026367188
2019-04-26,605.0,594.0,594.0,599.9000244140625,775197.0,594.5738525390625
2019-04-30,603.7999877929688,581.0499877929688,598.7999877929688,599.4500122070312,634914.0,594.1278076171875
2019-05-02,636.2999877929688,593.0,594.0,624.7000122070312,5514075.0,619.1536865234375
2019-05-03,635.9000244140625,619.0,625.25,622.5,1798457.0,616.9732055664062
2019-05-06,620.0,598.25,620.0,603.7999877929688,593783.0,598.439208984375
2019-05-07,611.5999755859375,588.1500244140625,606.2000122070312,590.8499755859375,853243.0,585.6041259765625
2019-05-08,591.75,566.0999755859375,591.0,571.25,2406330.0,566.17822265625
2019-05-09,581.0,564.7999877929688,568.2999877929688,571.9000244140625,567637.0,566.8224487304688
2019-05-10,582.5,567.0,575.0,574.7000122070312,573579.0,569.5975952148438
2019-05-13,575.4500122070312,547.3499755859375,571.4000244140625,553.25,448453.0,548.3380126953125
2019-05-14,552.5,536.1500244140625,545.0,542.7999877929688,569549.0,537.9807739257812
2019-05-15,557.5,542.3499755859375,542.3499755859375,553.75,497272.0,548.8335571289062
2019-05-16,563.7000122070312,550.0499877929688,557.9000244140625,557.75,549715.0,552.7980346679688
2019-05-17,565.0,549.4500122070312,558.7999877929688,561.0,354224.0,556.0191650390625
2019-05-20,609.75,585.0,590.0,605.0999755859375,1154868.0,599.7276611328125
2019-05-21,620.0,575.4000244140625,606.9500122070312,587.5999755859375,1085277.0,582.3829956054688
2019-05-22,608.0,588.5,589.5999755859375,599.5499877929688,1473089.0,594.2269287109375
2019-05-23,629.9500122070312,604.0,611.0,615.9500122070312,2407076.0,610.4813232421875
2019-05-24,623.9000244140625,582.7999877929688,620.0999755859375,596.2999877929688,2072973.0,591.0057983398438
2019-05-27,604.8499755859375,596.0999755859375,596.9500122070312,599.7999877929688,2528465.0,594.4747314453125
2019-05-28,603.7999877929688,591.7000122070312,603.0,595.0,284123.0,589.7173461914062
2019-05-29,602.0999755859375,586.2999877929688,597.8499755859375,589.0,299690.0,583.7706298828125
2019-05-30,600.5,590.25,590.25,595.6500244140625,274549.0,590.3616333007812
2019-05-31,600.0999755859375,590.0,596.0,591.7000122070312,202268.0,586.4466552734375
2019-06-03,602.9000244140625,582.0,591.0999755859375,599.75,426586.0,594.4251708984375
2019-06-04,600.9000244140625,590.5,599.7999877929688,592.0999755859375,362734.0,586.8430786132812
2019-06-06,594.9000244140625,580.0,594.5,582.0999755859375,295635.0,576.931884765625
2019-06-07,583.7999877929688,558.0,582.1500244140625,559.25,481656.0,554.2847290039062
2019-06-10,568.9000244140625,549.0,566.7999877929688,552.4500122070312,314593.0,547.5451049804688
2019-06-11,561.5,542.0,553.0499877929688,559.5999755859375,411050.0,554.6316528320312
2019-06-12,564.9500122070312,549.0,564.9500122070312,554.9000244140625,279868.0,549.973388671875
2019-06-13,552.7000122070312,538.0999755859375,545.0,546.5499877929688,422970.0,541.697509765625
2019-06-14,540.0,532.2999877929688,538.0,538.6500244140625,599251.0,533.86767578125
2019-06-17,545.7000122070312,537.0,538.0,539.9000244140625,343547.0,535.1065673828125
2019-06-18,562.0,541.0,543.4500122070312,558.6500244140625,1080054.0,553.6900634765625
2019-06-19,562.75,536.5999755859375,560.4000244140625,543.5499877929688,1367450.0,538.72412109375
2019-06-20,548.5,534.0,548.5,535.8499755859375,325116.0,534.0399780273438
2019-06-21,540.6500244140625,520.0,536.9000244140625,530.75,556231.0,528.9572143554688
2019-06-24,548.0,531.0,531.4000244140625,533.9000244140625,339147.0,532.0966186523438
2019-06-25,535.4500122070312,526.0,534.9500122070312,527.7000122070312,203489.0,525.9175415039062
2019-06-26,536.1500244140625,525.0,525.5999755859375,535.0499877929688,410527.0,533.24267578125
2019-06-27,541.6500244140625,532.5999755859375,537.0999755859375,537.7999877929688,583362.0,535.9833984375
2019-06-28,544.5499877929688,533.5,536.0,538.75,301161.0,536.9302368164062
2019-07-01,549.0,538.5,542.1500244140625,545.5,352885.0,543.6574096679688
2019-07-02,560.5999755859375,544.0,548.0,559.3499755859375,449058.0,557.4606323242188
2019-07-03,561.3499755859375,552.2999877929688,561.3499755859375,555.4000244140625,185443.0,553.5239868164062
2019-07-04,568.0999755859375,556.7000122070312,560.5,559.2999877929688,886461.0,557.4107666015625
2019-07-05,563.5499877929688,543.2999877929688,560.2999877929688,547.5499877929688,207556.0,545.7005004882812
2019-07-08,548.0,527.5,538.0999755859375,531.75,259887.0,529.953857421875
2019-07-09,538.1500244140625,522.0,533.0,524.2000122070312,343479.0,522.4293823242188
2019-07-10,537.9500122070312,524.0,524.2999877929688,534.5499877929688,237789.0,532.744384765625
2019-07-11,560.5,535.5,535.5,556.0999755859375,439434.0,554.2215576171875
2019-07-12,563.9000244140625,555.0999755859375,559.2999877929688,560.0499877929688,863145.0,558.1582641601562
2019-07-15,560.0,545.5499877929688,559.5499877929688,549.4000244140625,205243.0,547.5442504882812
2019-07-16,555.9000244140625,541.5999755859375,549.9000244140625,551.2999877929688,288514.0,549.4378051757812
2019-07-17,549.9500122070312,535.0,549.0,539.3499755859375,384953.0,537.5281372070312
2019-07-18,544.0999755859375,526.5499877929688,540.0,528.7999877929688,384789.0,527.0137939453125
2019-07-19,541.7999877929688,507.20001220703125,535.0,527.3499755859375,2074439.0,525.5687255859375
2019-07-22,530.0,498.0,530.0,501.29998779296875,700676.0,499.606689453125
2019-07-23,508.0,465.70001220703125,506.79998779296875,469.04998779296875,1094788.0,467.46563720703125
2019-07-24,477.79998779296875,432.0,469.5,440.29998779296875,2504413.0,438.812744140625
2019-07-25,464.8999938964844,445.1000061035156,445.1000061035156,461.3999938964844,1802292.0,459.84149169921875
2019-07-26,493.8999938964844,464.1000061035156,465.5,490.20001220703125,1784947.0,488.5442199707031
2019-07-29,504.5,482.70001220703125,492.70001220703125,492.25,1016852.0,490.5872802734375
2019-07-30,498.79998779296875,471.0,493.0,480.70001220703125,948861.0,479.0762939453125
2019-07-31,484.6499938964844,465.0,476.0,480.75,1401988.0,479.1261291503906
2019-08-01,484.8999938964844,475.04998779296875,478.95001220703125,480.25,1055339.0,478.6278076171875
2019-08-02,479.79998779296875,458.04998779296875,476.5,464.8999938964844,1574974.0,463.32965087890625
2019-08-05,475.8999938964844,455.8500061035156,460.0,471.95001220703125,1465110.0,470.3558654785156
2019-08-06,487.5,468.25,472.0,482.1499938964844,795823.0,480.5213928222656
2019-08-07,489.95001220703125,474.0,484.0,477.25,312625.0,475.637939453125
2019-08-08,490.0,472.0,476.0,486.8999938964844,350297.0,485.2553405761719
2019-08-09,502.0,485.25,491.0,499.45001220703125,457487.0,497.7629699707031
2019-08-13,505.70001220703125,489.1499938964844,499.79998779296875,494.0,315301.0,492.33135986328125
2019-08-14,499.5,491.04998779296875,494.25,497.6000061035156,225306.0,495.9192199707031
2019-08-16,507.0,497.79998779296875,499.0,502.5,381844.0,500.8026428222656
2019-08-19,508.95001220703125,493.6499938964844,505.0,498.29998779296875,282350.0,496.6168212890625
2019-08-20,500.95001220703125,483.95001220703125,496.20001220703125,488.0,503252.0,486.35162353515625
2019-08-21,490.0,463.04998779296875,490.0,465.3999938964844,422947.0,463.8279724121094
2019-08-22,476.0,452.25,469.0,458.45001220703125,836231.0,456.9014587402344
2019-08-23,462.8500061035156,454.54998779296875,461.0,459.8500061035156,546504.0,458.2967224121094
2019-08-26,484.0,455.1499938964844,484.0,469.6499938964844,435533.0,468.0635986328125
2019-08-27,480.3999938964844,472.1000061035156,473.8999938964844,474.04998779296875,388406.0,472.44873046875
2019-08-28,477.0,470.70001220703125,476.0,474.70001220703125,810710.0,473.0965576171875
2019-08-29,475.04998779296875,460.25,474.3999938964844,465.3999938964844,442322.0,463.8279724121094
2019-08-30,497.6499938964844,461.6499938964844,485.1000061035156,469.6000061035156,1799423.0,468.0137939453125
2019-09-03,468.0,451.79998779296875,468.0,454.54998779296875,808156.0,453.0146179199219
2019-09-04,460.0,440.04998779296875,457.54998779296875,452.1499938964844,331206.0,450.6227111816406
2019-09-05,454.0,446.3999938964844,454.0,449.04998779296875,255423.0,447.533203125
2019-09-06,451.95001220703125,447.0,451.3999938964844,449.75,201372.0,448.2308349609375
2019-09-09,454.29998779296875,437.0,452.0,449.75,894758.0,448.2308349609375
2019-09-11,463.20001220703125,446.6499938964844,453.0,449.1000061035156,1484769.0,447.5830383300781
2019-09-12,458.29998779296875,450.6000061035156,451.0,454.95001220703125,539133.0,453.41326904296875
2019-09-13,459.0,452.95001220703125,459.0,455.1499938964844,391485.0,453.6125793457031
2019-09-16,454.0,448.70001220703125,454.0,449.8999938964844,265179.0,448.38031005859375
2019-09-17,452.95001220703125,443.29998779296875,451.8999938964844,446.5,432126.0,444.9918212890625
2019-09-18,451.29998779296875,441.20001220703125,449.79998779296875,444.6499938964844,184260.0,443.1480712890625
2019-09-19,447.0,442.0,445.0,443.95001220703125,345901.0,442.450439453125
2019-09-20,525.0,444.45001220703125,446.70001220703125,496.95001220703125,2056271.0,495.27142333984375
2019-09-23,538.4000244140625,504.04998779296875,504.29998779296875,527.25,2145806.0,525.4690551757812
2019-09-24,534.0499877929688,501.25,534.0,506.1499938964844,556392.0,504.4403076171875
2019-09-25,503.79998779296875,488.0,500.0,489.6000061035156,416150.0,487.94622802734375
2019-09-26,514.7999877929688,489.0,489.1499938964844,503.79998779296875,748314.0,502.0982666015625
2019-09-27,511.0,495.5,505.0,498.8500061035156,400420.0,497.16497802734375
2019-09-30,508.79998779296875,488.1000061035156,501.0,491.8999938964844,510468.0,490.23846435546875
2019-10-01,495.5,465.5,495.5,470.3500061035156,728512.0,468.7612609863281
2019-10-03,491.20001220703125,464.6000061035156,471.0,478.5,475319.0,476.88372802734375
2019-10-04,490.0,480.0,480.0,484.3500061035156,422022.0,482.7139587402344
2019-10-07,488.0,469.04998779296875,488.0,479.54998779296875,299710.0,477.93017578125
2019-10-09,484.3999938964844,471.1499938964844,482.1000061035156,480.54998779296875,403420.0,478.9267883300781
2019-10-10,511.0,477.0,482.0,506.6499938964844,2186326.0,504.9386291503906
2019-10-11,607.9500122070312,536.0999755859375,536.0999755859375,583.5,10461345.0,581.529052734375
2019-10-14,579.7000122070312,556.2999877929688,579.0,568.7000122070312,4659162.0,566.779052734375
2019-10-15,638.0,570.2000122070312,570.2000122070312,623.7000122070312,59302088.0,621.59326171875
2019-10-16,603.0,577.5,603.0,583.5999755859375,6024521.0,581.6287231445312
2019-10-17,577.0,560.2000122070312,576.7000122070312,568.5,1880827.0,566.5797119140625
2019-10-18,568.0,548.0,568.0,554.7000122070312,2945367.0,552.8263549804688
2019-10-22,580.4500122070312,553.7999877929688,554.0,559.3499755859375,2860120.0,557.4606323242188
2019-10-23,565.0,551.7000122070312,560.0,555.7000122070312,871830.0,553.822998046875
2019-10-24,585.7999877929688,559.5,561.0,570.5499877929688,3748392.0,568.622802734375
2019-10-25,599.0,577.0499877929688,577.0499877929688,594.8499755859375,2512565.0,592.8406982421875
2019-10-27,604.7000122070312,578.7000122070312,599.5,592.1500244140625,214230.0,590.1498413085938
2019-10-29,650.0,592.0,596.7999877929688,624.25,3377753.0,622.1414184570312
2019-10-30,623.75,594.0,614.9000244140625,614.25,5763829.0,612.1751708984375
2019-10-31,626.9000244140625,602.0,619.9500122070312,612.2999877929688,2076831.0,610.2317504882812
2019-11-01,618.9000244140625,594.2000122070312,616.9500122070312,599.0,1740679.0,596.9766845703125
2019-11-04,605.2999877929688,584.1500244140625,598.0,590.0,755659.0,588.007080078125
2019-11-05,592.9000244140625,580.0,590.9000244140625,587.0,828572.0,585.0172119140625
2019-11-06,587.9500122070312,569.5499877929688,587.9500122070312,582.5,1558506.0,580.5324096679688
2019-11-07,589.7000122070312,565.4000244140625,589.7000122070312,568.5999755859375,1794482.0,566.6793823242188
2019-11-08,574.25,548.5,568.0,550.7999877929688,1979356.0,548.9395141601562
2019-11-11,564.7999877929688,534.0499877929688,551.9500122070312,549.8499755859375,2396741.0,547.99267578125
2019-11-13,574.7000122070312,552.25,552.25,563.9500122070312,3157399.0,562.0451049804688
2019-11-14,576.7000122070312,552.0499877929688,565.2999877929688,557.5499877929688,1883718.0,555.6666870117188
2019-11-15,569.0,556.2000122070312,560.75,559.9500122070312,1634098.0,558.05859375
2019-11-18,564.2000122070312,550.0,564.0,558.6500244140625,910990.0,556.7630004882812
2019-11-19,555.0,534.0,555.0,536.25,2252366.0,534.4386596679688
2019-11-20,543.5,505.04998779296875,537.0,525.7000122070312,5287905.0,523.92431640625
2019-11-21,537.5,521.0,530.0,533.9500122070312,2343477.0,532.1464233398438
2019-11-22,538.0,523.5,535.1500244140625,526.75,2485274.0,524.9707641601562
2019-11-25,553.0,529.8499755859375,530.0,539.5,2614429.0,537.6776733398438
2019-11-26,554.2000122070312,530.0999755859375,543.0,544.0499877929688,5300193.0,542.2122802734375
2019-11-27,556.4000244140625,544.0499877929688,546.75,552.8499755859375,1440142.0,550.9825439453125
2019-11-28,591.9000244140625,547.25,551.5999755859375,583.0999755859375,4071514.0,581.13037109375
2019-11-29,597.0,571.0999755859375,584.4000244140625,581.2000122070312,3170352.0,579.23681640625
2019-12-02,582.5499877929688,562.2999877929688,582.0,568.4000244140625,1277526.0,566.4801025390625
2019-12-03,588.5,571.0,572.0,578.4000244140625,2367997.0,576.4462890625
2019-12-04,579.7000122070312,566.4000244140625,577.9000244140625,569.7999877929688,1174476.0,567.8753051757812
2019-12-05,583.7999877929688,569.7000122070312,570.0,577.4000244140625,1451852.0,575.44970703125
2019-12-06,581.25,551.4000244140625,580.25,562.5499877929688,1214210.0,560.6497802734375
2019-12-09,563.5,540.25,563.5,543.2000122070312,1111829.0,541.3651733398438
2019-12-10,550.0,516.0999755859375,542.9500122070312,521.0499877929688,1487628.0,519.2899780273438
2019-12-11,522.5999755859375,509.0,521.0,515.0,1143268.0,513.2604370117188
2019-12-12,531.7000122070312,512.0999755859375,518.0,515.75,1300236.0,514.0078735351562
2019-12-13,524.5499877929688,512.0,518.5,515.0,1185257.0,513.2604370117188
2019-12-16,522.4000244140625,485.54998779296875,516.0,489.45001220703125,2616953.0,487.7967529296875
2019-12-17,496.54998779296875,478.5,496.0,480.0,2103627.0,478.378662109375
2019-12-18,504.3999938964844,457.0,482.0,500.0,9235981.0,498.31109619140625
2019-12-19,521.9000244140625,500.95001220703125,501.0,518.3499755859375,5417971.0,516.59912109375
2019-12-20,526.4000244140625,506.3999938964844,523.0999755859375,516.7999877929688,10416816.0,515.0543212890625
2019-12-23,512.0,500.04998779296875,506.04998779296875,503.75,1455069.0,502.0484313964844
2019-12-24,508.1000061035156,492.45001220703125,506.0,498.3999938964844,1486669.0,496.71649169921875
2019-12-26,504.79998779296875,495.8999938964844,499.70001220703125,501.1499938964844,1620693.0,499.45721435546875
2019-12-27,513.9000244140625,500.5,503.0,507.1499938964844,1257635.0,505.43695068359375
2019-12-30,510.75,503.0,509.0,504.6499938964844,700254.0,502.9454040527344
2019-12-31,516.1500244140625,495.1000061035156,504.6499938964844,508.25,1965980.0,506.5332336425781
2020-01-01,511.75,501.0,510.79998779296875,503.0,520264.0,501.30096435546875
2020-01-02,502.95001220703125,495.25,502.95001220703125,499.0,1835744.0,497.3144836425781
2020-01-03,514.7000122070312,496.0,496.0,506.1499938964844,1466650.0,504.4403076171875
2020-01-06,505.5,494.04998779296875,505.0,498.1000061035156,1192074.0,496.41754150390625
2020-01-07,504.0,490.29998779296875,502.8999938964844,493.3500061035156,1187941.0,491.6835632324219
2020-01-08,493.70001220703125,483.1000061035156,485.54998779296875,484.95001220703125,1147100.0,483.31195068359375
2020-01-09,493.75,484.25,491.79998779296875,487.1000061035156,1262680.0,485.4546813964844
2020-01-10,496.8500061035156,484.0,489.0,492.1499938964844,2057855.0,490.48760986328125
2020-01-13,517.9000244140625,492.20001220703125,495.79998779296875,514.0,2760791.0,512.2637939453125
2020-01-14,525.0,498.20001220703125,521.0999755859375,518.5499877929688,8854312.0,516.7984619140625
2020-01-15,526.0,491.0,519.5,492.29998779296875,3792641.0,490.6370849609375
2020-01-16,498.0,473.79998779296875,495.5,475.8500061035156,3387070.0,474.24267578125
2020-01-17,484.8999938964844,475.1499938964844,477.0,481.0,2620773.0,479.3752746582031
2020-01-20,486.54998779296875,478.3500061035156,482.0,483.70001220703125,1033438.0,482.066162109375
2020-01-21,483.8999938964844,476.0,481.0,476.75,1253858.0,475.1396484375
2020-01-22,487.5,473.5,479.79998779296875,475.5,2611708.0,473.89385986328125
2020-01-23,480.29998779296875,474.0,476.79998779296875,475.1000061035156,1265094.0,473.4952087402344
2020-01-24,484.8999938964844,470.29998779296875,476.5,481.8500061035156,1325867.0,480.222412109375
2020-01-27,484.3999938964844,473.8999938964844,478.3999938964844,474.6000061035156,943592.0,472.9969177246094
2020-01-28,477.0,460.0,475.0,462.29998779296875,1204858.0,460.7384338378906
2020-01-29,466.0,445.25,465.0,451.1499938964844,2273052.0,449.6260986328125
2020-01-30,451.1000061035156,435.0,451.0,437.70001220703125,1803225.0,436.2215576171875
2020-01-31,459.75,446.0,446.0,450.3500061035156,2762309.0,448.8288269042969
2020-02-03,442.0,432.8500061035156,439.70001220703125,438.0,1272221.0,436.5205383300781
2020-02-04,442.3500061035156,433.0,440.0,437.8999938964844,2472717.0,436.4208679199219
2020-02-05,439.8999938964844,427.5,439.5,429.20001220703125,2489013.0,427.7502746582031
2020-02-06,436.25,421.0,431.75,425.45001220703125,3502440.0,424.012939453125
2020-02-07,447.8500061035156,425.45001220703125,428.1000061035156,442.70001220703125,5359754.0,441.20465087890625
2020-02-10,461.20001220703125,437.1499938964844,444.70001220703125,457.45001220703125,4552331.0,455.90484619140625
2020-02-11,468.45001220703125,453.0,463.0,459.3999938964844,2665917.0,457.8482360839844
2020-02-12,481.20001220703125,461.0,465.0,469.79998779296875,4142162.0,468.2131042480469
2020-02-13,456.70001220703125,445.1000061035156,455.0,452.04998779296875,2416819.0,450.5230407714844
2020-02-14,463.5,448.6000061035156,454.29998779296875,452.54998779296875,1575017.0,451.0213623046875
2020-02-17,456.54998779296875,432.6000061035156,452.8999938964844,433.95001220703125,1056099.0,432.4842224121094
2020-02-18,437.6499938964844,420.20001220703125,434.6499938964844,422.3500061035156,2735301.0,420.92340087890625
2020-02-19,427.3500061035156,409.0,426.0,414.8999938964844,3247010.0,413.49853515625
2020-02-20,434.0,410.1000061035156,417.95001220703125,415.95001220703125,5025228.0,414.5450134277344
2020-02-24,424.5,406.25,414.70001220703125,408.25,2221943.0,406.8710021972656
2020-02-25,425.95001220703125,402.0,419.0,403.8999938964844,3500768.0,402.53570556640625
2020-02-26,423.0,391.29998779296875,415.0,394.1000061035156,7223093.0,392.7688293457031
2020-02-27,406.0,387.29998779296875,395.0,398.79998779296875,12889686.0,397.4529113769531
2020-02-28,388.75,370.0,385.20001220703125,383.5,12490831.0,382.2046203613281
2020-03-02,406.8500061035156,385.0,395.79998779296875,394.04998779296875,6530741.0,392.7189636230469
2020-03-03,410.70001220703125,395.20001220703125,398.0,400.79998779296875,4542669.0,399.4461669921875
2020-03-04,409.8999938964844,396.6000061035156,401.5,400.3999938964844,4446134.0,399.0475158691406
2020-03-05,424.8999938964844,403.1000061035156,405.6000061035156,423.20001220703125,4734555.0,421.7705383300781
2020-03-06,408.8999938964844,388.1499938964844,395.0,403.8500061035156,6061657.0,402.4858703613281
2020-03-09,402.0,368.1000061035156,394.3999938964844,374.29998779296875,5349844.0,373.0356750488281
2020-03-11,389.0,372.0,376.45001220703125,376.1000061035156,3534272.0,374.8296203613281
2020-03-12,362.70001220703125,327.25,362.54998779296875,334.95001220703125,6089077.0,333.8186340332031
2020-03-13,362.79998779296875,271.0,301.5,327.54998779296875,9561678.0,326.443603515625
2020-03-16,322.8999938964844,268.3999938964844,322.45001220703125,274.6000061035156,8155173.0,273.6724548339844
2020-03-17,292.54998779296875,252.1999969482422,283.20001220703125,257.75,6694350.0,256.8793640136719
2020-03-18,265.0,185.6999969482422,260.0,224.39999389648438,26937012.0,223.6420135498047
2020-03-19,212.9499969482422,195.0500030517578,202.0,200.75,14032787.0,200.07191467285156
2020-03-20,239.85000610351562,203.75,203.75,231.60000610351562,19133518.0,230.8177032470703
2020-03-23,220.0,170.0,208.4499969482422,173.64999389648438,11419594.0,173.06344604492188
2020-03-24,191.0,157.0500030517578,191.0,161.0500030517578,11500901.0,160.50601196289062
2020-03-25,165.0,152.1999969482422,163.0,154.75,16358053.0,154.22727966308594
2020-03-26,224.35000610351562,158.0,160.8000030517578,215.60000610351562,20248650.0,214.8717498779297
2020-03-27,269.5,230.0500030517578,237.14999389648438,249.5500030517578,24788745.0,248.7070770263672
2020-03-30,248.89999389648438,212.14999389648438,225.0500030517578,216.25,18917988.0,215.51954650878906
2020-03-31,229.0,198.5,225.0,203.75,12603650.0,203.061767578125
2020-04-01,207.6999969482422,191.0,205.89999389648438,194.89999389648438,9321796.0,194.24166870117188
2020-04-03,197.0500030517578,180.0,196.1999969482422,181.5500030517578,9146955.0,180.936767578125
2020-04-07,199.25,164.3000030517578,198.0,167.25,45525055.0,166.68505859375
2020-04-08,209.0500030517578,167.5,167.9499969482422,193.75,30692120.0,193.09555053710938
2020-04-09,205.0,182.25,205.0,192.25,19530535.0,191.60061645507812
2020-04-13,195.8000030517578,173.5,184.0,193.0,22145557.0,192.34808349609375
2020-04-15,212.3000030517578,185.0,212.3000030517578,186.8000030517578,24174944.0,186.16903686523438
2020-04-16,204.75,180.0,184.60000610351562,198.1999969482422,22001366.0,197.530517578125
2020-04-17,226.64999389648438,200.89999389648438,211.0,216.3000030517578,23292268.0,215.5693817138672
2020-04-20,229.6999969482422,213.0,223.0,216.0,21748541.0,215.27040100097656
2020-04-21,207.39999389648438,183.60000610351562,205.5,195.35000610351562,15122227.0,194.69015502929688
2020-04-22,200.6999969482422,190.0,194.0,198.85000610351562,13940749.0,198.17832946777344
2020-04-23,208.0,197.8000030517578,199.5,201.0500030517578,11788591.0,200.3708953857422
2020-04-24,202.89999389648438,193.0,195.0,198.4499969482422,9301023.0,197.77967834472656
2020-04-27,210.5,200.4499969482422,203.0,208.35000610351562,10393551.0,207.646240234375
2020-04-28,224.5,213.10000610351562,214.0,221.10000610351562,12897606.0,220.35317993164062
2020-04-29,237.89999389648438,219.64999389648438,221.10000610351562,234.4499969482422,20055036.0,233.65806579589844
2020-04-30,266.45001220703125,245.0500030517578,245.0500030517578,262.3500061035156,28031266.0,261.4638366699219
2020-05-04,245.0,236.14999389648438,245.0,240.9499969482422,15031861.0,240.13612365722656
2020-05-05,253.0,235.5,247.9499969482422,236.25,12058763.0,235.45199584960938
2020-05-06,253.5,222.14999389648438,237.8000030517578,249.3000030517578,15816272.0,248.45791625976562
2020-05-07,263.8999938964844,244.4499969482422,247.39999389648438,252.1999969482422,13822866.0,251.34811401367188
2020-05-08,262.8500061035156,234.5500030517578,261.79998779296875,240.0,12440889.0,239.1893310546875
2020-05-11,250.85000610351562,237.5,246.9499969482422,239.85000610351562,9656465.0,239.0398406982422
2020-05-12,238.64999389648438,229.0,238.0,233.89999389648438,13232678.0,233.10992431640625
2020-05-13,257.25,243.35000610351562,251.0,252.1999969482422,20769565.0,251.34811401367188
2020-05-14,255.3000030517578,243.0,246.89999389648438,251.8000030517578,9422831.0,250.94947814941406
2020-05-15,255.3000030517578,242.14999389648438,254.0,243.6999969482422,10301860.0,242.8768310546875
2020-05-18,244.60000610351562,224.35000610351562,243.6999969482422,229.60000610351562,13568015.0,228.824462890625
2020-05-19,235.5,216.3000030517578,231.10000610351562,220.39999389648438,16406538.0,219.65553283691406
2020-05-20,223.85000610351562,212.25,214.89999389648438,222.10000610351562,10838869.0,221.34979248046875
2020-05-21,222.0,209.9499969482422,222.0,210.85000610351562,10226610.0,210.13780212402344
2020-05-22,209.75,195.39999389648438,204.0,202.9499969482422,26939887.0,202.2644805908203
2020-05-26,208.5,201.0,204.25,202.14999389648438,7914022.0,201.46717834472656
2020-05-27,220.85000610351562,202.0,204.0,219.14999389648438,15435662.0,218.4097442626953
2020-05-28,230.89999389648438,219.3000030517578,221.0,222.25,13473147.0,221.49928283691406
2020-05-29,220.0,211.14999389648438,215.1999969482422,218.14999389648438,14060363.0,217.4131317138672
2020-06-01,230.5,223.5,225.0,226.64999389648438,10176127.0,225.88441467285156
2020-06-02,243.64999389648438,223.0,227.0,240.64999389648438,15033181.0,239.83712768554688
2020-06-03,261.3999938964844,245.0,248.9499969482422,250.25,18061381.0,249.4047088623047
2020-06-04,253.0,231.8000030517578,248.0,233.4499969482422,14470465.0,232.6614532470703
2020-06-05,251.60000610351562,233.5500030517578,234.0,247.6999969482422,14950858.0,246.86331176757812
2020-06-08,268.0,256.0,257.6000061035156,263.25,15485630.0,262.3608093261719
2020-06-09,278.8999938964844,257.1000061035156,265.5,259.8500061035156,25395072.0,258.9722900390625
2020-06-10,275.0,254.1999969482422,260.0,268.75,23641130.0,267.84222412109375
2020-06-11,289.20001220703125,265.3999938964844,271.04998779296875,267.5,28647703.0,266.596435546875
2020-06-12,286.6000061035156,248.5500030517578,250.0,283.5,22739564.0,282.5423889160156
2020-06-15,281.54998779296875,264.6000061035156,278.0,268.6499938964844,15866221.0,267.7425537109375
2020-06-16,280.0,260.04998779296875,279.0,268.0,13949824.0,267.0947570800781
2020-06-17,273.5,260.25,262.6000061035156,263.20001220703125,16347909.0,262.31097412109375
2020-06-18,273.45001220703125,260.20001220703125,263.0,271.6499938964844,11499081.0,270.732421875
2020-06-19,294.70001220703125,272.54998779296875,272.54998779296875,290.6000061035156,20301791.0,289.618408203125
2020-06-22,319.6499938964844,294.54998779296875,295.0,311.25,23988052.0,310.19866943359375
2020-06-23,357.8999938964844,315.0,316.0,350.8500061035156,24592951.0,349.6649169921875
2020-06-24,367.79998779296875,328.1000061035156,365.0,331.3500061035156,38747449.0,330.23077392578125
2020-06-25,343.3500061035156,319.04998779296875,320.04998779296875,335.3999938964844,28697186.0,334.26708984375
2020-06-26,345.29998779296875,332.3500061035156,340.70001220703125,337.95001220703125,12952914.0,336.8084716796875
2020-06-29,335.8500061035156,323.20001220703125,333.0,328.20001220703125,9560120.0,327.0914306640625
2020-06-30,338.20001220703125,313.3999938964844,335.70001220703125,319.29998779296875,12186073.0,318.2214660644531
2020-07-01,330.70001220703125,315.0,321.25,325.8500061035156,13225374.0,324.7493591308594
2020-07-02,355.75,329.1499938964844,330.8500061035156,346.25,28669847.0,345.0804443359375
2020-07-03,351.75,336.5,347.0,347.1499938964844,15132550.0,345.9773864746094
2020-07-06,359.29998779296875,349.0,351.70001220703125,356.95001220703125,12830850.0,355.7442932128906
2020-07-07,402.0,362.1000061035156,367.6000061035156,394.70001220703125,41836417.0,393.3667907714844
2020-07-08,398.54998779296875,375.5,392.95001220703125,379.29998779296875,21023774.0,378.018798828125
2020-07-09,385.0,375.1000061035156,383.70001220703125,381.1000061035156,12693961.0,379.8127136230469
2020-07-10,380.8999938964844,367.04998779296875,376.0,373.95001220703125,10533409.0,372.6868896484375
2020-07-13,382.75,367.3500061035156,378.0,370.1000061035156,10149554.0,368.8498840332031
2020-07-14,366.5,343.70001220703125,364.0,352.3999938964844,17020139.0,351.20965576171875
2020-07-15,370.0,345.3999938964844,361.0,349.3999938964844,21249650.0,348.21978759765625
2020-07-16,354.70001220703125,330.54998779296875,354.0,342.5,13760677.0,341.3431091308594
2020-07-17,355.45001220703125,342.3999938964844,345.0,352.79998779296875,11077681.0,351.6083068847656
2020-07-20,358.79998779296875,347.70001220703125,356.0,350.5,9622113.0,349.3160705566406
2020-07-21,356.95001220703125,352.0,354.79998779296875,353.20001220703125,6326573.0,352.0069885253906
2020-07-22,357.0,339.0,355.5,343.8999938964844,9906798.0,342.7383728027344
2020-07-23,351.0,342.3500061035156,345.0,349.95001220703125,7336798.0,348.7679443359375
2020-07-24,350.6000061035156,338.0,342.5,341.3500061035156,9745369.0,340.1969909667969
2020-07-27,346.6000061035156,327.29998779296875,345.0,330.25,9552252.0,329.1344909667969
2020-07-28,344.8999938964844,331.1499938964844,333.0,340.54998779296875,6914702.0,339.3996887207031
2020-07-29,348.70001220703125,335.04998779296875,340.54998779296875,336.3500061035156,6871418.0,335.2138977050781
2020-07-30,343.6499938964844,336.70001220703125,339.3999938964844,338.1000061035156,9050775.0,336.9579772949219
2020-07-31,348.0,329.0,338.0,345.1000061035156,8836772.0,343.934326171875
2020-08-03,320.8500061035156,295.1000061035156,320.8500061035156,308.79998779296875,124340959.0,307.7569274902344
2020-08-04,314.5,305.0,314.45001220703125,306.8999938964844,19794993.0,305.86334228515625
2020-08-05,315.8999938964844,308.1000061035156,308.6000061035156,310.95001220703125,19761987.0,309.8996887207031
2020-08-06,312.5,295.5,312.5,300.04998779296875,39111547.0,299.0364685058594
2020-08-07,309.29998779296875,300.25,300.25,307.5,20833159.0,306.4613342285156
2020-08-10,311.8999938964844,300.0,309.6499938964844,301.3999938964844,13379338.0,300.3819274902344
2020-08-11,304.3500061035156,294.0,304.3500061035156,300.6000061035156,39907746.0,299.58465576171875
2020-08-12,300.3999938964844,293.1499938964844,297.1000061035156,297.3500061035156,15453391.0,296.3456115722656
2020-08-13,300.6000061035156,289.0,298.29998779296875,290.8999938964844,14222583.0,289.9173889160156
2020-08-14,296.0,285.1000061035156,293.5,288.20001220703125,12715833.0,287.2265319824219
2020-08-17,292.29998779296875,283.0,292.29998779296875,287.29998779296875,13760469.0,286.3295593261719
2020-08-18,294.3999938964844,285.3999938964844,293.0,288.0,22784731.0,287.0271911621094
2020-08-19,293.5,288.5,290.0,289.6499938964844,14626979.0,288.6716003417969
2020-08-20,290.8999938964844,284.6499938964844,286.0,288.6000061035156,8418746.0,287.62518310546875
2020-08-21,297.8999938964844,290.6000061035156,292.5,292.1000061035156,18385254.0,291.11334228515625
2020-08-24,296.5,293.04998779296875,295.20001220703125,294.95001220703125,10669028.0,293.9537353515625
2020-08-25,297.79998779296875,291.1000061035156,297.0,293.3999938964844,11273668.0,292.408935546875
2020-08-26,299.70001220703125,292.1000061035156,296.8999938964844,298.04998779296875,12800336.0,297.0432434082031
2020-08-27,315.0,302.3999938964844,303.20001220703125,311.1000061035156,40877834.0,310.0491638183594
2020-08-28,327.0,313.1000061035156,313.8999938964844,320.04998779296875,43218961.0,318.96893310546875
2020-08-31,328.3500061035156,298.1000061035156,325.45001220703125,305.79998779296875,37228771.0,304.7670593261719
2020-09-01,312.8999938964844,299.25,308.70001220703125,306.0,11644754.0,304.9664001464844
2020-09-02,319.6499938964844,304.04998779296875,307.0,317.5,11582247.0,316.42755126953125
2020-09-03,322.3500061035156,311.0,320.25,312.8999938964844,7235784.0,311.84307861328125
2020-09-04,318.5,302.79998779296875,305.0,314.45001220703125,20790832.0,313.38787841796875
2020-09-07,312.70001220703125,303.25,309.75,307.1000061035156,10201641.0,306.06268310546875
2020-09-08,312.3999938964844,304.0,307.0,305.45001220703125,8778099.0,304.41827392578125
2020-09-09,303.0,295.6499938964844,301.0,300.8500061035156,10803743.0,299.83380126953125
2020-09-10,309.45001220703125,299.0,302.0,307.04998779296875,8480198.0,306.0128479003906
2020-09-11,314.5,303.0,304.0,311.79998779296875,7839422.0,310.7467956542969
2020-09-14,318.3999938964844,297.6000061035156,312.5,301.3999938964844,14394232.0,300.3819274902344
2020-09-15,305.0,296.3999938964844,302.0,303.70001220703125,12177672.0,302.6741638183594
2020-09-16,307.70001220703125,303.0,304.70001220703125,305.1000061035156,7270508.0,304.0694274902344
2020-09-17,309.0,300.6499938964844,301.75,305.29998779296875,6786105.0,304.26873779296875
2020-09-18,307.70001220703125,294.1499938964844,306.0,298.75,14179955.0,297.7408752441406
2020-09-21,298.0,273.1000061035156,298.0,277.20001220703125,11574800.0,276.2637023925781
2020-09-22,275.0,262.3500061035156,275.0,267.45001220703125,14047363.0,266.546630859375
2020-09-23,272.8500061035156,261.0,271.5,267.95001220703125,10084050.0,267.044921875
2020-09-24,264.8500061035156,252.6999969482422,262.79998779296875,254.8000030517578,7917996.0,253.93934631347656
2020-09-25,266.70001220703125,251.39999389648438,259.8999938964844,265.0,8087529.0,264.1048889160156
2020-09-28,281.8999938964844,267.20001220703125,269.1499938964844,280.45001220703125,7389888.0,279.5027160644531
2020-09-29,285.8999938964844,271.6499938964844,282.5,273.54998779296875,7277914.0,272.6260070800781
2020-09-30,276.5,268.5,275.3999938964844,273.0,6008861.0,272.0778503417969
2020-10-01,287.0,276.04998779296875,276.8500061035156,285.75,9299281.0,284.7847900390625
2020-10-05,297.95001220703125,288.6000061035156,290.0,292.3500061035156,9493560.0,291.3625183105469
2020-10-06,307.25,294.54998779296875,295.0,306.0,12529343.0,304.9664001464844
2020-10-07,315.45001220703125,302.8500061035156,306.95001220703125,314.54998779296875,15434725.0,313.48748779296875
2020-10-08,327.20001220703125,316.5,322.29998779296875,318.79998779296875,15786867.0,317.72314453125
2020-10-09,330.0,318.6000061035156,320.95001220703125,325.45001220703125,17060134.0,324.3507080078125
2020-10-12,332.3500061035156,322.0,327.3999938964844,327.8500061035156,8429333.0,326.7425842285156
2020-10-13,327.6000061035156,318.5,325.0,320.6000061035156,5638703.0,319.51708984375
2020-10-14,322.3999938964844,311.3999938964844,315.0,320.75,7368269.0,319.66656494140625
2020-10-15,327.20001220703125,301.20001220703125,320.75,303.75,11104724.0,302.7239990234375
2020-10-16,314.0,304.0,304.0,313.0,8493804.0,311.9427490234375
2020-10-19,326.75,315.75,318.3500061035156,323.70001220703125,9296797.0,322.60662841796875
2020-10-20,321.45001220703125,312.70001220703125,320.0,319.1499938964844,6320079.0,318.07196044921875
2020-10-21,326.95001220703125,311.5,321.79998779296875,316.04998779296875,10933236.0,314.982421875
2020-10-22,315.70001220703125,307.29998779296875,312.25,310.29998779296875,8193207.0,309.2518615722656
2020-10-23,315.0,306.0,313.0,307.75,6152238.0,306.7104797363281
2020-10-26,309.6499938964844,297.25,309.0,299.1499938964844,6562231.0,298.1395263671875
2020-10-27,298.8999938964844,289.1000061035156,298.8999938964844,296.20001220703125,7970348.0,295.19952392578125
2020-10-28,299.3500061035156,287.0,298.0,288.95001220703125,6382953.0,287.9739990234375
2020-10-29,294.45001220703125,279.0,287.29998779296875,293.25,10359431.0,292.25946044921875
2020-10-30,294.95001220703125,287.0,292.0,289.45001220703125,7289875.0,288.4723205566406
2020-11-02,307.8999938964844,294.0,294.0,300.8999938964844,14730628.0,299.88360595703125
2020-11-03,314.95001220703125,304.0,305.0,308.29998779296875,12152353.0,307.25860595703125
2020-11-04,313.45001220703125,303.25,309.8999938964844,312.6000061035156,7644699.0,311.5440979003906
2020-11-05,321.79998779296875,313.0,317.0,321.0,10684278.0,319.9157409667969
2020-11-06,332.5,319.0,321.0,330.8999938964844,13602403.0,329.78228759765625
2020-11-09,346.79998779296875,333.6499938964844,333.6499938964844,340.1000061035156,18229289.0,338.95123291015625
2020-11-10,354.0,335.20001220703125,345.0,344.95001220703125,17711644.0,343.78485107421875
2020-11-11,351.8500061035156,331.79998779296875,348.79998779296875,339.1499938964844,15316734.0,338.0044250488281
2020-11-12,339.79998779296875,330.25,339.79998779296875,337.75,8583838.0,336.6091613769531
2020-11-13,346.0,330.0,333.0,344.25,8240401.0,343.0871887207031
2020-11-14,348.79998779296875,341.0,347.45001220703125,343.54998779296875,1108805.0,342.3895568847656
2020-11-17,354.8999938964844,347.0,350.0,352.6499938964844,11071629.0,351.45880126953125
2020-11-18,363.5,348.29998779296875,352.95001220703125,361.45001220703125,15482082.0,360.2290954589844
2020-11-19,366.29998779296875,351.20001220703125,356.8999938964844,352.6000061035156,13764095.0,351.40899658203125
2020-11-20,355.54998779296875,339.0,352.6499938964844,349.8999938964844,12357869.0,348.7181091308594
2020-11-23,360.54998779296875,352.0,358.0,353.8999938964844,11410317.0,352.70458984375
2020-11-24,360.3999938964844,353.5,357.0,358.75,10498217.0,357.5382080078125
2020-11-25,374.95001220703125,361.1499938964844,362.0,368.1499938964844,18893686.0,366.9064636230469
2020-11-26,370.0,357.5,369.8999938964844,366.54998779296875,9884907.0,365.3118591308594
2020-11-27,372.29998779296875,362.1000061035156,368.3999938964844,367.0,10064518.0,365.7603454589844
2020-12-01,381.75,367.0,371.0,377.20001220703125,9755182.0,375.9259033203125
2020-12-02,379.0,365.79998779296875,377.8500061035156,372.29998779296875,6428691.0,371.04241943359375
2020-12-03,377.8500061035156,368.25,373.3999938964844,376.6000061035156,6159575.0,375.32794189453125
2020-12-04,396.0,375.0,379.0,393.3999938964844,10228049.0,392.0711669921875
2020-12-07,414.79998779296875,394.0,395.0,411.0,14804808.0,409.6117248535156
2020-12-08,417.5,400.6000061035156,412.95001220703125,403.8999938964844,14067486.0,402.53570556640625
2020-12-09,407.0,396.0,407.0,399.95001220703125,15705261.0,398.59906005859375
2020-12-10,417.29998779296875,395.54998779296875,399.95001220703125,414.8999938964844,14568462.0,413.49853515625
2020-12-11,430.70001220703125,415.0,419.1499938964844,423.20001220703125,19865737.0,421.7705383300781
2020-12-14,429.25,408.70001220703125,425.29998779296875,410.29998779296875,11062764.0,408.9140930175781
2020-12-15,416.95001220703125,409.5,414.0,412.1499938964844,7806649.0,410.7578430175781
2020-12-16,418.45001220703125,408.8500061035156,415.8999938964844,410.1499938964844,3743529.0,408.76458740234375
2020-12-17,414.20001220703125,405.0,408.20001220703125,406.3500061035156,5443407.0,404.9774475097656
2020-12-18,414.20001220703125,404.04998779296875,405.79998779296875,408.20001220703125,9202955.0,406.8211975097656
2020-12-21,404.95001220703125,367.5,404.95001220703125,374.29998779296875,11223698.0,373.0356750488281
2020-12-22,399.0,374.20001220703125,378.29998779296875,396.70001220703125,15004322.0,395.36004638671875
2020-12-23,402.6499938964844,391.54998779296875,395.8999938964844,399.04998779296875,7220916.0,397.70208740234375
2020-12-24,409.0,394.95001220703125,407.0,398.1499938964844,5255643.0,396.80511474609375
2020-12-28,407.5,398.6499938964844,402.0,406.1499938964844,4677485.0,404.7781066894531
2020-12-29,419.25,407.45001220703125,408.0,413.20001220703125,8237480.0,411.8043212890625
2020-12-30,416.5,402.5,416.5,406.1000061035156,6415631.0,404.728271484375
2020-12-31,408.1000061035156,395.70001220703125,408.0,402.25,11457749.0,400.89129638671875
2021-01-01,404.95001220703125,396.0,402.0,400.20001220703125,5230681.0,398.84820556640625
2021-01-04,404.3999938964844,395.0,404.0,397.0,9725066.0,395.6590270996094
2021-01-05,403.8999938964844,390.3999938964844,394.0,401.8500061035156,11743029.0,400.4926452636719
2021-01-06,409.25,394.6000061035156,403.95001220703125,396.0,9455430.0,394.6623840332031
2021-01-07,411.0,401.3999938964844,406.54998779296875,405.79998779296875,12540078.0,404.4292907714844
2021-01-08,424.0,409.3999938964844,411.04998779296875,419.3999938964844,16763434.0,417.98333740234375
2021-01-11,424.8999938964844,404.5,424.8999938964844,408.3999938964844,9559472.0,407.0205078125
2021-01-12,406.5,388.29998779296875,406.5,391.45001220703125,20267358.0,390.1277770996094
2021-01-13,395.45001220703125,371.0,395.29998779296875,375.1000061035156,21737588.0,373.8330078125
2021-01-14,379.79998779296875,369.29998779296875,374.8999938964844,373.1499938964844,12123283.0,371.8895568847656
2021-01-15,377.8999938964844,362.25,376.0,368.54998779296875,12862038.0,367.30511474609375
2021-01-18,368.95001220703125,354.0,367.6000061035156,356.0,11063196.0,354.7975158691406
2021-01-19,364.3999938964844,353.1000061035156,361.29998779296875,362.29998779296875,14106377.0,361.0762023925781
2021-01-20,367.29998779296875,357.1000061035156,362.95001220703125,359.79998779296875,14562621.0,358.58465576171875
2021-01-21,372.54998779296875,335.0,364.95001220703125,340.70001220703125,34448498.0,339.5491943359375
2021-01-22,336.20001220703125,311.8500061035156,333.0,314.1000061035156,35577488.0,313.0390319824219
2021-01-25,320.0,301.5,320.0,309.54998779296875,19108393.0,308.50439453125
2021-01-27,315.3999938964844,302.1000061035156,309.8500061035156,303.70001220703125,12842107.0,302.6741638183594
2021-01-28,313.8999938964844,297.0,299.8999938964844,311.1499938964844,18713452.0,310.0989990234375
2021-01-29,318.20001220703125,306.5,316.20001220703125,309.45001220703125,14889735.0,308.4047546386719
2021-02-01,325.8999938964844,304.8999938964844,310.0,323.25,16423176.0,322.15814208984375
2021-02-02,343.8999938964844,328.45001220703125,330.0,339.3500061035156,21959784.0,338.2037658691406
2021-02-03,347.6499938964844,337.1499938964844,347.0,342.8500061035156,12611884.0,341.6919250488281
2021-02-04,352.0,335.1499938964844,338.0,346.8500061035156,14445571.0,345.67840576171875
2021-02-05,357.0,328.0,350.0,329.54998779296875,23638691.0,328.43682861328125
2021-02-08,339.0,329.5,331.0,330.6499938964844,8843690.0,329.5331115722656
2021-02-09,332.3999938964844,323.54998779296875,332.3999938964844,328.29998779296875,7637014.0,327.1910705566406
2021-02-10,334.45001220703125,321.25,330.0,331.20001220703125,8294890.0,330.081298828125
2021-02-11,335.8500061035156,329.54998779296875,333.54998779296875,332.6499938964844,8109340.0,331.5263671875
2021-02-12,341.95001220703125,333.1000061035156,333.1000061035156,337.5,9455332.0,336.3599853515625
2021-02-15,343.8999938964844,338.25,341.54998779296875,339.95001220703125,5343350.0,338.8017272949219
2021-02-16,352.6000061035156,336.5,338.95001220703125,350.1499938964844,13133247.0,348.9672546386719
2021-02-17,353.79998779296875,343.6499938964844,350.0,348.25,10556444.0,347.07366943359375
2021-02-18,353.29998779296875,343.0,348.29998779296875,345.6499938964844,6616466.0,344.4824523925781
2021-02-19,349.79998779296875,335.0,344.70001220703125,337.25,7211011.0,336.11083984375
2021-02-22,339.1499938964844,324.25,336.79998779296875,326.8999938964844,7973772.0,325.7958068847656
2021-02-23,330.70001220703125,322.6499938964844,327.95001220703125,325.29998779296875,5397776.0,324.2012023925781
2021-02-24,338.29998779296875,324.04998779296875,326.79998779296875,335.1499938964844,4745325.0,334.0179138183594
2021-02-25,346.75,337.5,338.0,342.20001220703125,7641813.0,341.04412841796875
2021-02-26,350.75,332.54998779296875,334.0,345.25,12492748.0,344.08380126953125
2021-03-01,351.25,336.25,349.0,338.3999938964844,6356872.0,337.2569580078125
2021-03-02,347.29998779296875,338.0,341.5,345.20001220703125,4929532.0,344.03399658203125
2021-03-03,357.8999938964844,347.25,349.0,354.8999938964844,15005074.0,353.7012023925781
2021-03-04,362.6499938964844,346.0,350.0,357.3999938964844,12043621.0,356.1927795410156
2021-03-05,354.3999938964844,343.04998779296875,352.0,346.3500061035156,5689037.0,345.18011474609375
2021-03-08,356.45001220703125,347.1499938964844,351.0,351.8999938964844,4872019.0,350.7113342285156
2021-03-09,357.8999938964844,345.79998779296875,354.0,350.8999938964844,5214028.0,349.7147216796875
2021-03-10,355.70001220703125,348.04998779296875,354.0,349.70001220703125,3037997.0,348.518798828125
2021-03-12,360.0,345.5,357.70001220703125,349.20001220703125,10034217.0,348.0204772949219
2021-03-15,350.0,330.0,348.95001220703125,339.3999938964844,9256172.0,338.2535705566406
2021-03-16,345.0,334.5,343.75,339.5,5227735.0,338.3532409667969
2021-03-17,343.29998779296875,334.3999938964844,339.0,335.8999938964844,4202725.0,334.765380859375
2021-03-18,343.1000061035156,332.3999938964844,340.0,337.70001220703125,7645856.0,336.559326171875
2021-03-19,347.5,333.0,335.0,346.04998779296875,10449989.0,344.881103515625
2021-03-22,355.45001220703125,343.29998779296875,346.04998779296875,352.6000061035156,9247050.0,351.40899658203125
2021-03-23,366.0,352.95001220703125,354.20001220703125,364.6499938964844,14375142.0,363.41827392578125
2021-03-24,371.0,355.45001220703125,365.0,357.45001220703125,10310319.0,356.24261474609375
2021-03-25,361.6499938964844,343.6000061035156,359.04998779296875,349.95001220703125,8907893.0,348.7679443359375
2021-03-26,358.8999938964844,344.1000061035156,355.25,345.6000061035156,6877101.0,344.4326477050781
2021-03-30,352.29998779296875,335.1499938964844,350.20001220703125,336.45001220703125,8236867.0,335.3135681152344
2021-03-31,343.5,335.0,337.0,338.8999938964844,5960197.0,337.7552490234375
2021-04-01,354.95001220703125,339.0,341.95001220703125,350.8999938964844,5001602.0,349.7147216796875
2021-04-05,349.0,328.1499938964844,348.70001220703125,335.45001220703125,5421081.0,334.3169250488281
2021-04-06,341.5,332.5,338.0,337.6000061035156,3517178.0,336.45965576171875
2021-04-07,351.75,334.1000061035156,337.6000061035156,349.75,5974547.0,348.568603515625
2021-04-08,360.1000061035156,348.79998779296875,350.8500061035156,355.04998779296875,6675404.0,353.8507080078125
2021-04-09,364.79998779296875,351.5,354.45001220703125,358.95001220703125,6527786.0,357.737548828125
2021-04-12,349.8999938964844,317.45001220703125,349.8999938964844,327.54998779296875,10476624.0,326.443603515625
2021-04-13,341.0,318.6000061035156,334.79998779296875,331.8999938964844,12109901.0,330.7789001464844
2021-04-15,335.79998779296875,320.1000061035156,330.6000061035156,326.20001220703125,11119030.0,325.0981750488281
2021-04-16,329.8999938964844,320.5,328.0,322.6499938964844,5460055.0,321.5601501464844
2021-04-19,314.0,302.5,306.1499938964844,304.8999938964844,10616671.0,303.8701171875
2021-04-20,315.0,305.54998779296875,310.95001220703125,309.1499938964844,6766422.0,308.1057434082031
2021-04-22,311.70001220703125,301.70001220703125,308.75,309.5,8713619.0,308.4545593261719
2021-04-23,317.70001220703125,305.1000061035156,309.1000061035156,313.45001220703125,7388454.0,312.3912353515625
2021-04-26,318.1499938964844,310.54998779296875,318.0,313.1499938964844,4359029.0,312.09222412109375
2021-04-27,319.8999938964844,311.0,313.0,318.8999938964844,4919711.0,317.82281494140625
2021-04-28,330.5,313.79998779296875,320.0,328.5,10820190.0,327.390380859375
2021-04-29,333.79998779296875,324.5,329.75,332.1000061035156,7633906.0,330.9782409667969
2021-04-30,339.95001220703125,324.70001220703125,327.0,329.75,8961859.0,328.63616943359375
2021-05-03,330.0,314.3999938964844,324.8999938964844,318.8500061035156,13743805.0,317.77301025390625
2021-05-04,326.5,314.04998779296875,322.0,317.6499938964844,7245326.0,316.5770263671875
2021-05-05,322.20001220703125,310.20001220703125,321.0,311.25,9773654.0,310.19866943359375
2021-05-06,312.8999938964844,293.6000061035156,312.8999938964844,294.75,23749358.0,293.75439453125
2021-05-07,302.6499938964844,291.25,297.0,297.3500061035156,21065285.0,296.3456115722656
2021-05-10,304.8999938964844,285.0,285.0,295.95001220703125,35676993.0,294.9503479003906
2021-05-11,294.79998779296875,286.1499938964844,289.0,290.95001220703125,11212974.0,289.9672546386719
2021-05-12,292.29998779296875,286.20001220703125,291.25,288.1499938964844,7804191.0,287.17669677734375
2021-05-14,288.6499938964844,280.0,288.25,280.54998779296875,13164810.0,279.60235595703125
2021-05-17,285.3999938964844,278.70001220703125,284.5,284.29998779296875,11223959.0,283.3396911621094
2021-05-18,295.95001220703125,287.6499938964844,288.25,291.20001220703125,10628176.0,290.2164001464844
2021-05-19,291.8500061035156,286.6499938964844,291.5,289.54998779296875,4219342.0,288.57196044921875
2021-05-20,297.70001220703125,287.0,290.1000061035156,294.1000061035156,8728633.0,293.1065979003906
2021-05-21,301.5,295.29998779296875,296.6000061035156,299.6499938964844,8426593.0,298.6378479003906
2021-05-24,302.6000061035156,294.6499938964844,301.70001220703125,298.70001220703125,7371201.0,297.6910705566406
2021-05-25,301.3999938964844,292.54998779296875,299.29998779296875,294.1000061035156,5065197.0,293.1065979003906
2021-05-26,296.0,290.1499938964844,295.0,292.1000061035156,4135604.0,291.11334228515625
2021-05-27,298.70001220703125,291.29998779296875,293.6499938964844,295.3500061035156,11555185.0,294.3523864746094
2021-05-28,306.70001220703125,295.6499938964844,298.75,303.5,7640254.0,302.474853515625
2021-05-31,311.5,301.70001220703125,304.8999938964844,307.3999938964844,8322239.0,306.3616638183594
2021-06-01,310.79998779296875,301.5,308.25,302.8500061035156,5075472.0,301.8270263671875
2021-06-02,313.0,300.0,301.1499938964844,311.70001220703125,8317028.0,310.64715576171875
2021-06-03,318.75,312.0,312.6000061035156,317.70001220703125,5960031.0,316.62689208984375
2021-06-04,318.95001220703125,311.29998779296875,318.95001220703125,314.8500061035156,5654513.0,313.7864990234375
2021-06-07,321.6499938964844,313.1499938964844,315.0,320.0,5580965.0,318.9190979003906
2021-06-08,321.8999938964844,314.29998779296875,320.95001220703125,316.5,4393742.0,315.4309387207031
2021-06-09,325.20001220703125,315.75,319.8999938964844,317.5,8074858.0,316.42755126953125
2021-06-10,322.20001220703125,315.6000061035156,319.3999938964844,320.29998779296875,2984886.0,319.21807861328125
2021-06-11,324.29998779296875,318.45001220703125,322.0,319.3999938964844,3109368.0,318.3211364746094
2021-06-14,319.45001220703125,313.1000061035156,319.45001220703125,316.8500061035156,3544995.0,315.7797546386719
2021-06-15,326.75,319.20001220703125,323.0,321.95001220703125,5881564.0,320.8625183105469
2021-06-16,325.45001220703125,319.0,323.0,320.8999938964844,3116939.0,319.8160705566406
2021-06-17,321.75,312.75,317.8999938964844,318.8999938964844,6104981.0,317.82281494140625
2021-06-18,320.5,309.5,320.20001220703125,316.6499938964844,3614173.0,315.5804138183594
2021-06-21,343.20001220703125,319.8999938964844,322.04998779296875,341.1499938964844,25771864.0,339.9976501464844
2021-06-22,346.6499938964844,339.6000061035156,343.0,342.1499938964844,7564870.0,340.9942932128906
2021-06-23,344.54998779296875,331.8500061035156,342.6499938964844,333.1499938964844,4998318.0,332.0246887207031
2021-06-24,336.79998779296875,331.1499938964844,335.1000061035156,333.3999938964844,4054607.0,332.2738342285156
2021-06-25,339.5,332.04998779296875,333.3999938964844,333.0,3971203.0,331.87518310546875
2021-06-28,354.3500061035156,330.0,335.0,346.70001220703125,6316613.0,345.5289306640625
2021-06-29,349.0,334.0,345.0,335.79998779296875,6553062.0,334.66571044921875
2021-06-30,338.5,328.25,338.1000061035156,330.25,3065476.0,329.1344909667969
2021-07-01,332.3999938964844,325.5,332.3999938964844,326.29998779296875,2418000.0,325.19781494140625
2021-07-02,327.5,320.6499938964844,326.8999938964844,321.6499938964844,4028380.0,320.56353759765625
2021-07-05,326.20001220703125,321.04998779296875,324.54998779296875,322.54998779296875,2976376.0,321.4604797363281
2021-07-06,325.8500061035156,319.1499938964844,322.79998779296875,320.3999938964844,4445980.0,319.3177490234375
2021-07-07,322.70001220703125,318.0,319.5,320.54998779296875,4122637.0,319.46722412109375
2021-07-08,325.29998779296875,313.1000061035156,321.0,314.1000061035156,7290060.0,313.0390319824219
2021-07-09,318.0,306.3999938964844,312.1000061035156,316.75,7868211.0,315.6800842285156
2021-07-12,322.75,313.6000061035156,320.5,315.6499938964844,3349332.0,314.58380126953125
2021-07-13,319.3999938964844,315.45001220703125,319.0,316.95001220703125,2827367.0,315.8794250488281
2021-07-14,318.95001220703125,316.20001220703125,317.95001220703125,317.8999938964844,3649546.0,316.8262023925781
2021-07-15,321.75,317.3999938964844,318.0,319.70001220703125,4700924.0,318.6201171875
2021-07-16,316.5,306.95001220703125,316.0,309.1499938964844,12832831.0,308.1057434082031
2021-07-19,312.5,305.45001220703125,308.0,308.3999938964844,4358924.0,307.3582763671875
2021-07-20,310.29998779296875,300.20001220703125,308.3999938964844,302.6499938964844,5396561.0,301.6277160644531
2021-07-22,307.25,302.6000061035156,305.8999938964844,304.8999938964844,4147968.0,303.8701171875
2021-07-23,309.45001220703125,303.20001220703125,305.95001220703125,305.04998779296875,3836967.0,304.01959228515625
2021-07-26,306.79998779296875,297.0,305.04998779296875,297.75,5260125.0,296.7442626953125
2021-07-27,301.79998779296875,292.70001220703125,300.0,295.70001220703125,4558881.0,294.7012023925781
2021-07-28,299.0,292.6499938964844,297.0,296.04998779296875,3325304.0,295.04998779296875
2021-07-29,298.75,291.6499938964844,298.75,292.5,4368038.0,292.5
2021-07-30,295.5,290.54998779296875,293.0,291.25,5064518.0,291.25
2021-08-02,307.79998779296875,294.25,294.8999938964844,299.54998779296875,17383254.0,299.54998779296875
2021-08-03,302.79998779296875,296.1000061035156,302.0,300.6000061035156,5725607.0,300.6000061035156
2021-08-04,306.25,298.6000061035156,303.0,301.95001220703125,5754679.0,301.95001220703125
2021-08-05,310.95001220703125,298.20001220703125,302.8999938964844,308.20001220703125,8859238.0,308.20001220703125
2021-08-06,308.0,300.0,307.20001220703125,303.8500061035156,7075453.0,303.8500061035156
2021-08-09,305.1000061035156,297.29998779296875,302.5,301.29998779296875,3656155.0,301.29998779296875
2021-08-10,304.3999938964844,294.04998779296875,302.95001220703125,296.25,4638790.0,296.25
2021-08-11,298.3999938964844,290.0,297.0,295.20001220703125,3210494.0,295.20001220703125
2021-08-12,296.70001220703125,292.3999938964844,295.20001220703125,294.95001220703125,3762732.0,294.95001220703125
2021-08-13,296.25,291.1000061035156,296.25,293.54998779296875,4333743.0,293.54998779296875
2021-08-16,300.45001220703125,292.29998779296875,293.5,294.6499938964844,4619805.0,294.6499938964844
2021-08-17,301.8999938964844,289.0,297.0,293.45001220703125,6345396.0,293.45001220703125
2021-08-18,295.04998779296875,289.6000061035156,295.0,290.3500061035156,3553715.0,290.3500061035156
2021-08-20,291.75,275.04998779296875,290.0,278.1499938964844,6386231.0,278.1499938964844
2021-08-23,280.45001220703125,262.0,280.0,266.6499938964844,6742192.0,266.6499938964844
2021-08-24,267.70001220703125,262.75,266.6499938964844,264.75,8781681.0,264.75
2021-08-25,267.5,259.25,266.0,264.6000061035156,6944870.0,264.6000061035156
2021-08-26,270.0,263.25,265.25,265.04998779296875,12270555.0,265.04998779296875
2021-08-27,278.79998779296875,265.0,268.04998779296875,276.1000061035156,10685860.0,276.1000061035156
2021-08-30,287.0,278.6000061035156,279.0,285.8999938964844,6861797.0,285.8999938964844
2021-08-31,289.0,283.45001220703125,285.95001220703125,285.0,6756768.0,285.0
2021-09-01,288.95001220703125,281.6499938964844,286.0,285.6499938964844,4162554.0,285.6499938964844
2021-09-02,286.70001220703125,277.70001220703125,285.8500061035156,283.6000061035156,3648639.0,283.6000061035156
2021-09-03,288.5,282.5,284.0,285.70001220703125,3346834.0,285.70001220703125
2021-09-06,288.45001220703125,284.6000061035156,286.0,285.5,2256273.0,285.5
2021-09-07,285.3999938964844,280.04998779296875,285.3999938964844,282.95001220703125,2871367.0,282.95001220703125
2021-09-08,287.5,281.20001220703125,283.0,285.95001220703125,3136751.0,285.95001220703125
2021-09-09,286.25,282.1499938964844,285.0,283.6000061035156,2094368.0,283.6000061035156
2021-09-13,284.79998779296875,280.0,284.79998779296875,283.95001220703125,1852906.0,283.95001220703125
2021-09-14,287.5,283.5,284.54998779296875,284.3500061035156,3308341.0,284.3500061035156
2021-09-15,293.54998779296875,284.0,285.0,291.1499938964844,7987616.0,291.1499938964844
2021-09-16,298.20001220703125,289.0,293.5,297.6499938964844,6158204.0,297.6499938964844
2021-09-17,301.3500061035156,285.54998779296875,300.04998779296875,287.25,7805954.0,287.25
2021-09-20,289.0,280.3999938964844,285.0,281.20001220703125,3408098.0,281.20001220703125
2021-09-21,283.3500061035156,274.45001220703125,281.6000061035156,280.3999938964844,4293229.0,280.3999938964844
2021-09-22,286.0,280.1000061035156,281.5,284.0,3479110.0,284.0
2021-09-23,291.75,285.1000061035156,285.75,288.75,3689529.0,288.75
2021-09-24,290.79998779296875,281.0,290.0,282.1000061035156,4042946.0,282.1000061035156
2021-09-27,289.3999938964844,283.0,284.5,286.8999938964844,3066277.0,286.8999938964844
2021-09-28,287.45001220703125,282.5,286.8500061035156,286.6499938964844,3036565.0,286.6499938964844
2021-09-29,290.0,279.8500061035156,285.6000061035156,284.3999938964844,6625067.0,284.3999938964844
2021-09-30,290.8999938964844,282.0,285.0,283.0,6279584.0,283.0
2021-10-01,289.75,279.20001220703125,281.79998779296875,289.0,4740636.0,289.0
2021-10-04,297.79998779296875,291.0,291.5,295.3500061035156,5634450.0,295.3500061035156
2021-10-05,299.5,292.75,295.1000061035156,298.3999938964844,3484521.0,298.3999938964844
2021-10-06,310.0,299.70001220703125,299.70001220703125,305.6499938964844,14274370.0,305.6499938964844
2021-10-07,330.70001220703125,308.25,309.0,328.54998779296875,22013345.0,328.54998779296875
2021-10-08,348.29998779296875,328.6499938964844,329.0,345.79998779296875,25700239.0,345.79998779296875
2021-10-11,338.8999938964844,324.1000061035156,335.0,326.5,14456522.0,326.5
2021-10-12,333.75,323.70001220703125,329.75,328.1000061035156,5890547.0,328.1000061035156
2021-10-13,335.29998779296875,327.0,331.70001220703125,328.1499938964844,2933368.0,328.1499938964844
2021-10-14,330.8999938964844,319.20001220703125,328.8999938964844,323.3999938964844,4209139.0,323.3999938964844
2021-10-18,337.0,324.6499938964844,329.0,331.95001220703125,5365062.0,331.95001220703125
2021-10-19,337.5,315.0,335.95001220703125,315.79998779296875,8157966.0,315.79998779296875
2021-10-20,320.3500061035156,311.0,316.0,316.6000061035156,5166167.0,316.6000061035156
2021-10-21,323.25,310.45001220703125,319.75,316.5,6357322.0,316.5
2021-10-22,327.0,314.6499938964844,318.45001220703125,323.25,6112932.0,323.25
2021-10-25,327.5,308.0,327.5,310.79998779296875,9470478.0,310.79998779296875
2021-10-26,315.79998779296875,299.20001220703125,313.0,305.3999938964844,11208268.0,305.3999938964844
2021-10-27,309.0,295.04998779296875,309.0,296.1499938964844,9366556.0,296.1499938964844
2021-10-28,310.25,294.04998779296875,297.1499938964844,298.29998779296875,15471570.0,298.29998779296875
2021-10-29,303.5,290.45001220703125,301.6000061035156,291.45001220703125,12331951.0,291.45001220703125
2021-11-01,290.75,272.5,279.0,287.75,31131994.0,287.75
2021-11-02,313.3500061035156,284.5,289.45001220703125,311.0,26684503.0,311.0
2021-11-03,309.70001220703125,297.6499938964844,306.0,300.3500061035156,11919681.0,300.3500061035156
2021-11-04,304.95001220703125,298.5,304.95001220703125,299.5,1326984.0,299.5
2021-11-08,303.20001220703125,292.1499938964844,299.5,295.5,7635103.0,295.5
2021-11-09,308.5,295.54998779296875,297.1000061035156,306.8999938964844,13258081.0,306.8999938964844
2021-11-10,318.5,302.0,306.3999938964844,311.1499938964844,12423772.0,311.1499938964844
2021-11-11,313.6000061035156,304.8500061035156,306.5,306.8500061035156,5963149.0,306.8500061035156
2021-11-12,311.70001220703125,304.1000061035156,309.70001220703125,310.8999938964844,4369452.0,310.8999938964844
2021-11-15,314.6499938964844,309.1499938964844,311.0,312.6000061035156,3239724.0,312.6000061035156
2021-11-16,318.8999938964844,313.20001220703125,313.20001220703125,316.29998779296875,5542409.0,316.29998779296875
2021-11-17,317.6499938964844,309.79998779296875,315.8999938964844,311.20001220703125,3309474.0,311.20001220703125
2021-11-18,312.6499938964844,303.25,311.20001220703125,305.45001220703125,3442584.0,305.45001220703125
2021-11-22,307.79998779296875,293.1000061035156,306.0,296.8999938964844,6095099.0,296.8999938964844
2021-11-23,309.8999938964844,291.5,292.8999938964844,306.5,5075898.0,306.5
2021-11-24,310.79998779296875,303.20001220703125,308.1000061035156,309.1000061035156,2850072.0,309.1000061035156
2021-11-25,316.70001220703125,304.3999938964844,309.0,315.04998779296875,6499965.0,315.04998779296875
2021-11-26,312.6499938964844,278.04998779296875,310.0,282.6499938964844,15648063.0,282.6499938964844
2021-11-29,284.0,266.8500061035156,284.0,268.8500061035156,10015616.0,268.8500061035156
2021-11-30,283.29998779296875,269.0,269.5,272.45001220703125,16181268.0,272.45001220703125
2021-12-01,277.75,270.1000061035156,277.25,276.20001220703125,8370840.0,276.20001220703125
2021-12-02,279.25,274.0,276.3999938964844,278.79998779296875,4707273.0,278.79998779296875
2021-12-03,285.0,276.04998779296875,277.0,277.29998779296875,5738776.0,277.29998779296875
2021-12-06,279.79998779296875,270.70001220703125,277.95001220703125,271.3500061035156,4460630.0,271.3500061035156
2021-12-07,282.29998779296875,273.75,275.0,278.5,4480934.0,278.5
2021-12-08,286.0,280.5,281.0,282.8500061035156,5858837.0,282.8500061035156
2021-12-09,284.6499938964844,280.25,284.6000061035156,281.79998779296875,3369596.0,281.79998779296875
2021-12-10,283.3999938964844,278.3999938964844,283.20001220703125,280.04998779296875,4060050.0,280.04998779296875
2021-12-13,289.0,281.70001220703125,283.0,282.25,6414381.0,282.25
2021-12-14,281.0,276.6499938964844,280.95001220703125,280.3500061035156,3963694.0,280.3500061035156
2021-12-15,282.25,277.3999938964844,280.0,277.8999938964844,2415471.0,277.8999938964844
2021-12-16,281.95001220703125,273.5,281.20001220703125,275.45001220703125,2815362.0,275.45001220703125
2021-12-17,277.25,265.6499938964844,275.79998779296875,267.04998779296875,4525941.0,267.04998779296875
2021-12-20,264.0,244.60000610351562,264.0,246.5500030517578,11082199.0,246.5500030517578
2021-12-21,253.0,243.39999389648438,251.0,246.1999969482422,5120968.0,246.1999969482422
2021-12-22,256.5,247.0,249.0,252.8000030517578,4215221.0,252.8000030517578
2021-12-23,262.20001220703125,254.6999969482422,255.85000610351562,259.0,4557090.0,259.0
2021-12-24,260.0,251.39999389648438,260.0,255.0500030517578,3897062.0,255.0500030517578
2021-12-27,255.25,229.5500030517578,243.39999389648438,252.89999389648438,17637643.0,252.89999389648438
2021-12-28,259.0,251.5,255.0,253.75,4827749.0,253.75
2021-12-29,258.45001220703125,249.0,254.0,250.10000610351562,4436346.0,250.10000610351562
2021-12-30,252.5,240.75,248.0,248.8000030517578,13971472.0,248.8000030517578
2021-12-31,253.75,247.10000610351562,249.0,252.6999969482422,3764955.0,252.6999969482422
2022-01-03,258.0,249.1999969482422,252.6999969482422,252.39999389648438,11853152.0,252.39999389648438
2022-01-04,262.6499938964844,252.1999969482422,259.1499938964844,254.5500030517578,11393172.0,254.5500030517578
2022-01-05,265.3999938964844,253.5,258.70001220703125,263.45001220703125,22673520.0,263.45001220703125
2022-01-06,266.3999938964844,256.54998779296875,261.25,264.45001220703125,10697693.0,264.45001220703125
2022-01-07,275.8999938964844,264.6000061035156,267.04998779296875,271.04998779296875,14714881.0,271.04998779296875
2022-01-10,275.5,271.0,271.04998779296875,274.0,4369630.0,274.0
2022-01-11,279.6000061035156,268.0,272.0,277.3500061035156,8936458.0,277.3500061035156
2022-01-12,284.70001220703125,278.0,279.5,283.6499938964844,6627728.0,283.6499938964844
2022-01-13,296.79998779296875,282.0,283.20001220703125,294.54998779296875,10765479.0,294.54998779296875
2022-01-14,300.1499938964844,289.25,291.5,296.54998779296875,9323670.0,296.54998779296875
2022-01-17,303.75,296.1499938964844,298.0,301.20001220703125,8371706.0,301.20001220703125
2022-01-18,305.5,293.5,302.79998779296875,295.25,7630584.0,295.25
2022-01-19,306.8999938964844,287.3500061035156,292.0,303.6000061035156,15109493.0,303.6000061035156
2022-01-20,308.75,298.0,304.5,299.95001220703125,7387568.0,299.95001220703125
2022-01-21,302.8999938964844,290.54998779296875,299.1000061035156,295.5,7171463.0,295.5
2022-01-24,311.0,295.5,299.8999938964844,307.8500061035156,33321083.0,307.8500061035156
2022-01-25,326.0,303.5,305.0,324.1499938964844,16869427.0,324.1499938964844
2022-01-27,327.0,317.5,319.8999938964844,322.3500061035156,11189926.0,322.3500061035156
2022-01-28,327.5,314.0,324.3999938964844,316.95001220703125,5985247.0,316.95001220703125
2022-01-31,321.79998779296875,314.3500061035156,318.0,315.54998779296875,4131810.0,315.54998779296875
2022-02-01,321.45001220703125,313.3999938964844,318.8500061035156,319.25,4905804.0,319.25
2022-02-02,324.0,316.70001220703125,320.79998779296875,320.54998779296875,4475986.0,320.54998779296875
2022-02-03,330.70001220703125,319.75,321.0,324.25,8925674.0,324.25
2022-02-04,329.0,318.3999938964844,326.3999938964844,319.3999938964844,5051213.0,319.3999938964844
2022-02-07,325.8999938964844,315.6499938964844,320.0,320.75,5473093.0,320.75
2022-02-08,325.75,315.0,321.0,319.1499938964844,4676458.0,319.1499938964844
2022-02-09,326.54998779296875,319.0,320.70001220703125,321.20001220703125,2541512.0,321.20001220703125
2022-02-10,324.0,317.25,322.70001220703125,321.45001220703125,4107513.0,321.45001220703125
2022-02-11,326.79998779296875,314.3999938964844,320.8999938964844,317.8500061035156,7932739.0,317.8500061035156
2022-02-14,315.79998779296875,306.3500061035156,310.0,310.6000061035156,6585364.0,310.6000061035156
2022-02-15,328.3500061035156,309.95001220703125,314.0,326.3500061035156,7750928.0,326.3500061035156
2022-02-16,331.75,321.04998779296875,329.79998779296875,323.0,7038807.0,323.0
2022-02-17,327.5,320.79998779296875,326.0,321.95001220703125,4535683.0,321.95001220703125
2022-02-18,324.0,316.0,319.8999938964844,319.3500061035156,3968649.0,319.3500061035156
2022-02-21,321.29998779296875,312.29998779296875,319.0,314.0,4287790.0,314.0
2022-02-22,310.0,301.3999938964844,305.0,307.6000061035156,4949446.0,307.6000061035156
2022-02-23,317.75,308.3500061035156,309.0,315.45001220703125,5019186.0,315.45001220703125
2022-02-24,312.8500061035156,287.5,305.75,291.1499938964844,10805931.0,291.1499938964844
2022-02-25,309.6499938964844,295.04998779296875,300.0,307.25,6859866.0,307.25
2022-02-28,307.25,299.5,303.8500061035156,306.29998779296875,4838277.0,306.29998779296875
2022-03-02,304.54998779296875,286.3999938964844,300.6000061035156,292.5,7537231.0,292.5
2022-03-03,298.79998779296875,282.1000061035156,298.0,284.04998779296875,7232673.0,284.04998779296875
2022-03-04,280.0,269.54998779296875,280.0,273.20001220703125,10829056.0,273.20001220703125
2022-03-07,265.45001220703125,250.39999389648438,264.95001220703125,253.85000610351562,8283275.0,253.85000610351562
2022-03-08,263.04998779296875,249.0,255.0,261.6000061035156,6467134.0,261.6000061035156
2022-03-09,268.70001220703125,259.1499938964844,263.0,266.75,7238404.0,266.75
2022-03-10,281.54998779296875,263.5,278.5,266.5,16663614.0,266.5
2022-03-11,267.3500061035156,259.20001220703125,264.5,262.8999938964844,9429721.0,262.8999938964844
2022-03-14,268.04998779296875,259.25,265.0,264.95001220703125,7899515.0,264.95001220703125
2022-03-15,288.5,269.25,269.75,281.1499938964844,31825606.0,281.1499938964844
2022-03-16,295.95001220703125,283.5,283.79998779296875,294.45001220703125,10063462.0,294.45001220703125
2022-03-17,303.29998779296875,296.0,298.0,301.5,11616791.0,301.5
2022-03-21,303.75,292.5,303.20001220703125,294.95001220703125,7126956.0,294.95001220703125
2022-03-22,306.0,280.25,290.0,303.29998779296875,18303607.0,303.29998779296875
2022-03-23,313.5,301.3500061035156,305.54998779296875,303.1000061035156,9696403.0,303.1000061035156
2022-03-24,303.8999938964844,294.0,301.5,297.25,10325063.0,297.25
2022-03-25,306.6499938964844,297.3999938964844,300.1000061035156,299.95001220703125,12106375.0,299.95001220703125
2022-03-28,301.75,294.3500061035156,299.70001220703125,297.04998779296875,7942862.0,297.04998779296875
2022-03-29,299.3500061035156,290.3999938964844,298.0,295.20001220703125,8006273.0,295.20001220703125
2022-03-30,309.0,298.1000061035156,299.8500061035156,300.20001220703125,18612020.0,300.20001220703125
2022-03-31,309.0,299.1499938964844,301.0,307.3999938964844,11461625.0,307.3999938964844
2022-04-01,321.3999938964844,303.20001220703125,305.8500061035156,320.29998779296875,15643935.0,320.29998779296875
