Date,High,Low,Open,Close,Volume,Adj Close
2018-08-06,1844.0,1726.25,1726.25,1815.949951171875,19305566.0,1750.6162109375
2018-08-07,1834.0,1755.0,1819.800048828125,1769.949951171875,3507846.0,1706.271240234375
2018-08-08,1798.9000244140625,1742.3499755859375,1762.0,1779.6500244140625,1678483.0,1715.622314453125
2018-08-09,1787.0,1740.0,1779.5999755859375,1749.050048828125,674845.0,1686.1234130859375
2018-08-10,1768.0,1740.0,1740.0,1748.9000244140625,587382.0,1685.978759765625
2018-08-13,1741.199951171875,1704.5,1739.0,1705.550048828125,726503.0,1644.1883544921875
2018-08-14,1746.949951171875,1707.5,1707.5,1727.949951171875,570586.0,1665.7823486328125
2018-08-16,1741.0,1707.0,1726.9000244140625,1710.300048828125,377188.0,1648.767578125
2018-08-17,1731.800048828125,1714.050048828125,1719.699951171875,1715.6500244140625,320048.0,1653.925048828125
2018-08-20,1755.800048828125,1722.199951171875,1724.75,1747.1500244140625,793064.0,1684.2916259765625
2018-08-21,1773.300048828125,1747.0,1757.5,1763.5999755859375,606276.0,1700.14990234375
2018-08-23,1848.800048828125,1771.199951171875,1780.0,1834.699951171875,2303105.0,1768.691650390625
2018-08-24,1924.4000244140625,1822.449951171875,1834.5,1895.050048828125,2700488.0,1826.87060546875
2018-08-27,1970.0,1910.0,1910.0,1942.0,1702446.0,1872.1314697265625
2018-08-28,1955.449951171875,1852.050048828125,1952.0,1863.800048828125,1131489.0,1796.7449951171875
2018-08-29,1865.0,1807.550048828125,1865.0,1820.050048828125,1022262.0,1754.5689697265625
2018-08-30,1854.6500244140625,1820.0,1820.050048828125,1837.5999755859375,427818.0,1771.4874267578125
2018-08-31,1844.949951171875,1810.0,1840.0,1814.050048828125,283317.0,1748.784912109375
2018-09-03,1810.0,1738.0,1810.0,1741.9000244140625,1029800.0,1679.2305908203125
2018-09-04,1772.0,1731.75,1749.0,1738.449951171875,558416.0,1675.904541015625
2018-09-05,1748.800048828125,1662.0,1742.0,1682.4000244140625,1043911.0,1621.871337890625
2018-09-06,1715.0,1681.25,1690.0,1685.75,645979.0,1625.1007080078125
2018-09-07,1703.949951171875,1660.0,1700.199951171875,1672.25,718911.0,1612.08642578125
2018-09-10,1672.9000244140625,1626.0,1672.9000244140625,1631.300048828125,646712.0,1572.609619140625
2018-09-11,1665.0,1608.0999755859375,1640.0,1614.1500244140625,607873.0,1556.0767822265625
2018-09-12,1635.3499755859375,1592.9000244140625,1619.9000244140625,1630.6500244140625,694731.0,1571.9830322265625
2018-09-14,1658.0,1626.550048828125,1645.9000244140625,1635.449951171875,421041.0,1576.6103515625
2018-09-17,1625.0,1595.0,1625.0,1599.699951171875,472311.0,1542.146484375
2018-09-18,1604.5,1526.0,1601.25,1536.199951171875,831087.0,1480.93115234375
2018-09-19,1480.0,1396.5,1475.0,1408.8499755859375,5636088.0,1358.162841796875
2018-09-21,1430.0,1250.0,1425.0,1383.300048828125,1963372.0,1333.5321044921875
2018-09-24,1414.3499755859375,1325.199951171875,1390.0,1334.949951171875,780175.0,1286.921630859375
2018-09-25,1406.8499755859375,1315.75,1343.4000244140625,1397.199951171875,963229.0,1346.9320068359375
2018-09-26,1444.0,1410.0,1417.0,1439.050048828125,700334.0,1387.2763671875
2018-09-27,1445.449951171875,1365.5,1439.9000244140625,1371.0999755859375,458882.0,1321.7711181640625
2018-09-28,1394.0,1308.0,1394.0,1327.449951171875,635077.0,1279.6912841796875
2018-10-01,1334.9000244140625,1282.0,1334.9000244140625,1301.4000244140625,528034.0,1254.57861328125
2018-10-03,1321.0,1280.0,1300.0,1290.0999755859375,500186.0,1243.6851806640625
2018-10-04,1308.699951171875,1265.75,1278.0,1292.550048828125,502210.0,1246.0472412109375
2018-10-05,1319.25,1282.199951171875,1295.0,1297.449951171875,344449.0,1250.770751953125
2018-10-08,1302.0,1251.0,1297.4000244140625,1272.9000244140625,339225.0,1227.1041259765625
2018-10-09,1283.949951171875,1250.0,1280.25,1268.9000244140625,274939.0,1223.2479248046875
2018-10-10,1335.25,1265.0,1265.0,1323.9000244140625,309756.0,1276.269287109375
2018-10-11,1389.0,1250.0,1281.0,1347.800048828125,559977.0,1299.309326171875
2018-10-12,1384.9000244140625,1362.050048828125,1367.0,1369.4000244140625,246506.0,1320.1322021484375
2018-10-15,1412.4000244140625,1354.8499755859375,1376.4000244140625,1385.0,259617.0,1335.1710205078125
2018-10-16,1407.0,1381.0,1393.6500244140625,1389.0999755859375,171655.0,1339.1234130859375
2018-10-17,1410.0,1350.0,1400.0,1352.25,160226.0,1303.5992431640625
2018-10-19,1350.5,1325.050048828125,1350.5,1331.9000244140625,134527.0,1283.9814453125
2018-10-22,1365.449951171875,1332.0,1340.699951171875,1348.949951171875,179780.0,1300.4178466796875
2018-10-23,1375.449951171875,1328.0,1333.5,1367.4000244140625,271521.0,1318.204345703125
2018-10-24,1378.1500244140625,1352.0,1375.800048828125,1372.0,300874.0,1322.638671875
2018-10-25,1363.800048828125,1344.1500244140625,1360.0999755859375,1353.550048828125,204892.0,1304.8525390625
2018-10-26,1364.800048828125,1326.0,1344.0,1351.300048828125,195905.0,1302.6834716796875
2018-10-29,1382.0999755859375,1350.0,1365.0,1374.8499755859375,173384.0,1325.3861083984375
2018-10-30,1403.050048828125,1355.75,1375.0,1370.4000244140625,385986.0,1321.0963134765625
2018-10-31,1413.800048828125,1367.699951171875,1374.0,1400.5,253652.0,1350.11328125
2018-11-01,1440.0,1400.8499755859375,1411.800048828125,1423.449951171875,267720.0,1372.2376708984375
2018-11-02,1450.949951171875,1425.5,1435.0,1436.699951171875,268906.0,1385.0108642578125
2018-11-05,1435.0,1412.699951171875,1435.0,1425.550048828125,152583.0,1374.26220703125
2018-11-06,1438.0,1391.5,1429.0,1402.8499755859375,96083.0,1352.3787841796875
2018-11-07,1421.699951171875,1406.0999755859375,1415.0,1420.25,47590.0,1369.152587890625
2018-11-09,1417.9000244140625,1397.0,1417.9000244140625,1404.800048828125,117026.0,1354.2586669921875
2018-11-12,1414.949951171875,1398.0,1410.6500244140625,1401.449951171875,90429.0,1351.0291748046875
2018-11-13,1403.199951171875,1385.0999755859375,1399.5,1393.449951171875,84346.0,1343.3170166015625
2018-11-14,1408.0,1393.0,1398.949951171875,1401.0,295936.0,1350.5953369140625
2018-11-15,1410.0,1397.0,1397.0,1400.550048828125,93437.0,1350.1614990234375
2018-11-16,1408.3499755859375,1391.199951171875,1405.0,1400.3499755859375,88505.0,1349.9686279296875
2018-11-19,1421.0,1395.0,1407.4000244140625,1403.5,252269.0,1353.00537109375
2018-11-20,1413.6500244140625,1400.0,1401.0,1405.199951171875,74810.0,1354.6441650390625
2018-11-21,1418.8499755859375,1400.0,1402.199951171875,1413.800048828125,94451.0,1362.9349365234375
2018-11-22,1444.0,1419.0,1428.5,1422.449951171875,169626.0,1371.2734375
2018-11-26,1503.4000244140625,1425.75,1425.75,1472.949951171875,682512.0,1419.9566650390625
2018-11-27,1488.300048828125,1444.0999755859375,1478.0,1474.949951171875,201275.0,1421.8846435546875
2018-11-28,1482.949951171875,1454.75,1482.949951171875,1462.550048828125,189697.0,1409.930908203125
2018-11-29,1488.0,1466.550048828125,1471.6500244140625,1482.949951171875,147435.0,1429.5968017578125
2018-11-30,1537.949951171875,1486.1500244140625,1489.9000244140625,1520.4000244140625,343192.0,1465.6995849609375
2018-12-03,1565.0,1526.0999755859375,1529.9000244140625,1559.5999755859375,213411.0,1503.4892578125
2018-12-04,1593.0,1556.0,1562.0,1578.5,213781.0,1521.709228515625
2018-12-05,1578.449951171875,1555.0,1573.0,1564.9000244140625,163598.0,1508.5985107421875
2018-12-06,1583.5999755859375,1518.699951171875,1557.550048828125,1549.800048828125,316755.0,1494.0418701171875
2018-12-07,1574.550048828125,1541.0,1560.1500244140625,1549.1500244140625,104990.0,1493.415283203125
2018-12-10,1532.0,1505.0,1517.0,1511.0,113375.0,1456.6378173828125
2018-12-11,1535.0,1475.75,1475.75,1523.3499755859375,165700.0,1468.54345703125
2018-12-12,1569.9000244140625,1540.199951171875,1544.0,1565.800048828125,128468.0,1509.4661865234375
2018-12-13,1580.25,1542.4000244140625,1576.800048828125,1551.0,138215.0,1495.19873046875
2018-12-14,1567.800048828125,1544.0,1551.0,1563.0999755859375,99545.0,1506.86328125
2018-12-17,1575.0,1551.1500244140625,1556.0999755859375,1571.550048828125,88404.0,1515.00927734375
2018-12-18,1599.0,1556.4000244140625,1570.0,1593.300048828125,199735.0,1535.976806640625
2018-12-19,1600.0,1561.050048828125,1600.0,1572.8499755859375,96275.0,1516.2625732421875
2018-12-20,1572.8499755859375,1545.1500244140625,1560.0,1548.800048828125,76138.0,1493.077880859375
2018-12-21,1564.9000244140625,1455.9000244140625,1558.25,1525.050048828125,784274.0,1470.1822509765625
2018-12-24,1537.0,1490.0999755859375,1515.0,1493.5999755859375,111124.0,1439.86376953125
2018-12-26,1487.9000244140625,1457.199951171875,1487.9000244140625,1464.699951171875,154609.0,1412.0035400390625
2018-12-27,1494.300048828125,1474.550048828125,1484.0,1485.75,80656.0,1432.2962646484375
2018-12-28,1527.300048828125,1490.6500244140625,1495.5,1518.8499755859375,124044.0,1464.205322265625
2018-12-31,1535.0,1495.0999755859375,1526.449951171875,1504.949951171875,80705.0,1450.805419921875
2019-01-01,1518.449951171875,1491.6500244140625,1504.949951171875,1514.3499755859375,62202.0,1459.8671875
2019-01-02,1524.0,1502.25,1514.0,1506.050048828125,58640.0,1451.8658447265625
2019-01-03,1524.5,1502.0,1513.6500244140625,1518.9000244140625,109265.0,1464.2535400390625
2019-01-04,1528.800048828125,1512.0,1516.6500244140625,1523.3499755859375,46129.0,1468.54345703125
2019-01-07,1530.0,1503.0,1530.0,1507.3499755859375,39572.0,1453.1190185546875
2019-01-08,1512.449951171875,1487.0999755859375,1504.6500244140625,1490.8499755859375,59875.0,1437.2127685546875
2019-01-09,1504.699951171875,1490.0,1496.5999755859375,1500.4000244140625,57825.0,1446.419189453125
2019-01-10,1512.6500244140625,1492.449951171875,1496.050048828125,1507.5,50444.0,1453.2637939453125
2019-01-11,1511.9000244140625,1495.0,1507.0,1496.449951171875,33550.0,1442.6112060546875
2019-01-14,1495.949951171875,1476.0,1495.949951171875,1481.4000244140625,39496.0,1428.1026611328125
2019-01-15,1489.0,1475.0,1489.0,1478.949951171875,43337.0,1425.7408447265625
2019-01-16,1483.949951171875,1471.0,1475.949951171875,1474.550048828125,39130.0,1421.4991455078125
2019-01-17,1483.300048828125,1470.0999755859375,1482.0,1475.1500244140625,37697.0,1422.07763671875
2019-01-18,1493.8499755859375,1471.0999755859375,1483.699951171875,1485.1500244140625,187763.0,1431.7177734375
2019-01-21,1494.949951171875,1475.199951171875,1493.0,1481.4000244140625,67180.0,1428.1026611328125
2019-01-22,1508.4000244140625,1479.5,1499.0,1487.6500244140625,188349.0,1434.1279296875
2019-01-23,1487.6500244140625,1454.5,1481.0999755859375,1458.800048828125,166425.0,1406.3160400390625
2019-01-24,1467.0,1446.8499755859375,1455.050048828125,1456.0,48416.0,1403.616455078125
2019-01-25,1464.800048828125,1420.0,1464.800048828125,1424.5,65300.0,1373.2498779296875
2019-01-28,1428.0,1375.0,1426.0,1383.3499755859375,98537.0,1333.5802001953125
2019-01-29,1400.8499755859375,1361.800048828125,1384.800048828125,1388.0999755859375,57629.0,1338.1595458984375
2019-01-30,1398.300048828125,1355.6500244140625,1393.949951171875,1373.1500244140625,84667.0,1323.7471923828125
2019-01-31,1380.449951171875,1353.5999755859375,1379.8499755859375,1362.5999755859375,95672.0,1313.5767822265625
2019-02-01,1378.449951171875,1351.949951171875,1371.6500244140625,1361.550048828125,108173.0,1312.564697265625
2019-02-04,1361.5,1340.0,1361.5,1352.3499755859375,58361.0,1303.695556640625
2019-02-05,1365.949951171875,1345.0,1359.6500244140625,1362.5999755859375,79603.0,1313.5767822265625
2019-02-06,1368.949951171875,1343.0,1368.949951171875,1348.800048828125,128784.0,1300.2735595703125
2019-02-07,1364.949951171875,1348.0,1349.0,1350.800048828125,79186.0,1302.201416015625
2019-02-08,1352.949951171875,1341.0,1350.6500244140625,1345.75,68629.0,1297.3331298828125
2019-02-11,1348.0999755859375,1320.0,1345.75,1324.800048828125,75840.0,1277.1368408203125
2019-02-12,1337.6500244140625,1320.8499755859375,1337.6500244140625,1323.550048828125,39749.0,1275.931884765625
2019-02-14,1339.9000244140625,1314.0,1326.050048828125,1318.300048828125,59259.0,1270.8707275390625
2019-02-15,1329.0,1305.0999755859375,1322.949951171875,1319.1500244140625,45440.0,1271.6900634765625
2019-02-18,1334.5,1320.0,1322.0,1325.449951171875,38304.0,1277.763427734375
2019-02-19,1326.550048828125,1307.0,1322.5,1311.4000244140625,43744.0,1264.2188720703125
2019-02-20,1339.75,1311.0,1311.300048828125,1330.199951171875,115973.0,1282.3424072265625
2019-02-21,1352.5,1326.0,1338.0,1348.6500244140625,103403.0,1300.1287841796875
2019-02-22,1375.449951171875,1344.0,1353.0,1347.050048828125,111916.0,1298.5865478515625
2019-02-25,1354.949951171875,1334.0,1348.949951171875,1339.3499755859375,54554.0,1291.163330078125
2019-02-26,1350.6500244140625,1320.0,1337.5,1347.9000244140625,124109.0,1299.40576171875
2019-02-27,1365.800048828125,1340.0,1350.0,1351.4000244140625,89561.0,1302.77978515625
2019-02-28,1374.449951171875,1348.050048828125,1351.449951171875,1370.4000244140625,54338.0,1321.0963134765625
2019-03-01,1416.0,1370.0,1374.9000244140625,1410.699951171875,138760.0,1359.9462890625
2019-03-05,1485.0,1417.0,1418.0,1473.300048828125,230196.0,1420.294189453125
2019-03-06,1524.0,1479.300048828125,1479.300048828125,1503.6500244140625,286791.0,1461.4556884765625
2019-03-07,1518.9000244140625,1488.0,1506.0,1495.949951171875,190406.0,1453.9718017578125
2019-03-08,1494.0,1471.5999755859375,1494.0,1488.4000244140625,100280.0,1446.6336669921875
2019-03-11,1501.449951171875,1490.75,1497.9000244140625,1497.25,140939.0,1455.2353515625
2019-03-12,1523.9000244140625,1500.0,1503.9000244140625,1508.4000244140625,142686.0,1466.072509765625
2019-03-13,1509.1500244140625,1497.3499755859375,1506.9000244140625,1500.4000244140625,95245.0,1458.2969970703125
2019-03-14,1512.0,1493.0,1498.0,1507.800048828125,87631.0,1465.4892578125
2019-03-15,1521.949951171875,1502.0,1515.0,1515.199951171875,103534.0,1472.681640625
2019-03-18,1520.949951171875,1499.0,1514.3499755859375,1501.050048828125,73009.0,1458.9287109375
2019-03-19,1504.5999755859375,1487.0,1500.199951171875,1492.300048828125,46668.0,1450.42431640625
2019-03-20,1492.3499755859375,1477.0999755859375,1487.0,1480.5999755859375,64305.0,1439.052490234375
2019-03-22,1497.0,1479.0,1481.0,1487.25,45569.0,1445.5159912109375
2019-03-25,1480.0,1466.949951171875,1480.0,1469.8499755859375,54049.0,1428.604248046875
2019-03-26,1478.449951171875,1466.0,1470.0,1469.199951171875,47639.0,1427.9722900390625
2019-03-27,1538.0,1461.0999755859375,1465.0,1497.1500244140625,177785.0,1455.13818359375
2019-03-28,1539.5,1490.199951171875,1496.9000244140625,1522.6500244140625,250834.0,1479.922607421875
2019-04-01,1572.0,1535.050048828125,1538.0,1556.0,155227.0,1512.3367919921875
2019-04-02,1579.5999755859375,1559.0,1559.0,1569.0,94862.0,1524.971923828125
2019-04-03,1577.0,1555.1500244140625,1572.5,1561.5999755859375,99356.0,1517.7796630859375
2019-04-04,1567.9000244140625,1550.0,1560.0,1558.0999755859375,42328.0,1514.3778076171875
2019-04-05,1575.0,1544.8499755859375,1558.0999755859375,1552.25,95007.0,1508.69189453125
2019-04-08,1560.9000244140625,1502.6500244140625,1553.0999755859375,1525.300048828125,137086.0,1482.498291015625
2019-04-09,1560.0,1515.0,1533.0,1548.6500244140625,62193.0,1505.1929931640625
2019-04-10,1558.1500244140625,1535.550048828125,1549.9000244140625,1539.800048828125,33768.0,1496.5914306640625
2019-04-11,1567.0,1520.0,1524.0999755859375,1558.800048828125,78656.0,1515.0582275390625
2019-04-12,1587.0,1550.0,1558.0,1578.4000244140625,89071.0,1534.1080322265625
2019-04-15,1588.5,1579.5999755859375,1588.5,1582.4000244140625,56390.0,1537.9959716796875
2019-04-16,1587.0,1576.199951171875,1585.0999755859375,1580.300048828125,35927.0,1535.954833984375
2019-04-18,1589.0,1531.5,1571.0999755859375,1585.75,75489.0,1541.2518310546875
2019-04-22,1599.0,1555.0,1585.0,1575.6500244140625,103865.0,1531.4354248046875
2019-04-23,1589.0,1576.1500244140625,1580.0,1580.3499755859375,63609.0,1536.00341796875
2019-04-24,1595.0,1577.300048828125,1577.8499755859375,1592.25,71113.0,1547.5694580078125
2019-04-25,1625.0,1587.050048828125,1587.050048828125,1611.300048828125,148955.0,1566.0849609375
2019-04-26,1624.949951171875,1595.0,1620.0,1613.050048828125,77144.0,1567.785888671875
2019-04-30,1738.0,1631.0,1635.0,1695.050048828125,798999.0,1647.4847412109375
2019-05-02,1718.9000244140625,1667.1500244140625,1695.050048828125,1697.550048828125,347021.0,1649.914794921875
2019-05-03,1715.0,1650.0,1701.0999755859375,1662.300048828125,107257.0,1615.6539306640625
2019-05-06,1664.699951171875,1632.0,1655.0,1638.5999755859375,78668.0,1592.6187744140625
2019-05-07,1672.0,1635.0,1645.0,1639.5999755859375,100129.0,1593.5908203125
2019-05-08,1664.0,1622.0,1639.0,1633.6500244140625,96879.0,1587.807861328125
2019-05-09,1639.9000244140625,1621.050048828125,1628.0,1632.75,75661.0,1586.93310546875
2019-05-10,1646.949951171875,1625.550048828125,1634.0,1643.550048828125,83604.0,1597.4300537109375
2019-05-13,1636.699951171875,1575.0,1631.0,1583.300048828125,75725.0,1538.8707275390625
2019-05-14,1590.0,1551.0,1565.0,1584.699951171875,90558.0,1540.2313232421875
2019-05-15,1623.25,1581.0,1595.0,1596.800048828125,48365.0,1551.991943359375
2019-05-16,1609.300048828125,1580.0,1600.0,1587.449951171875,41183.0,1542.904052734375
2019-05-17,1604.949951171875,1575.050048828125,1582.0,1600.25,63193.0,1555.344970703125
2019-05-20,1664.949951171875,1620.25,1634.949951171875,1643.6500244140625,91291.0,1597.5272216796875
2019-05-21,1665.0,1643.699951171875,1652.0,1656.699951171875,110358.0,1610.2109375
2019-05-22,1709.0,1660.0,1660.0,1703.5999755859375,258875.0,1655.794921875
2019-05-23,1752.0,1710.050048828125,1714.0,1743.4000244140625,451370.0,1694.47802734375
2019-05-24,1764.0,1745.0,1760.0,1757.550048828125,159915.0,1708.2310791015625
2019-05-27,1768.699951171875,1728.0,1768.699951171875,1745.300048828125,101648.0,1696.3248291015625
2019-05-28,1780.0,1735.0,1750.0,1764.0,87694.0,1714.5
2019-05-29,1778.9000244140625,1741.75,1758.8499755859375,1763.75,103517.0,1714.2569580078125
2019-05-30,1769.4000244140625,1749.0,1764.0,1758.25,57879.0,1708.911376953125
2019-05-31,1776.0,1753.1500244140625,1760.0,1772.300048828125,112877.0,1722.567138671875
2019-06-03,1789.25,1760.5999755859375,1779.0,1784.25,118569.0,1734.1817626953125
2019-06-04,1815.0,1780.0,1780.0,1810.4000244140625,178143.0,1759.597900390625
2019-06-06,1839.6500244140625,1785.0,1813.0,1807.300048828125,193404.0,1756.5849609375
2019-06-07,1828.0,1786.0999755859375,1809.0,1819.050048828125,90648.0,1768.0052490234375
2019-06-10,1836.800048828125,1813.0,1836.800048828125,1830.0999755859375,63927.0,1778.7451171875
2019-06-11,1856.0,1820.75,1829.9000244140625,1846.199951171875,169575.0,1794.393310546875
2019-06-12,1870.0,1837.0999755859375,1846.0,1861.5999755859375,114988.0,1809.3612060546875
2019-06-13,1898.9000244140625,1831.8499755859375,1854.9000244140625,1895.550048828125,207667.0,1842.3585205078125
2019-06-14,1949.0,1881.199951171875,1881.199951171875,1936.449951171875,398366.0,1882.1107177734375
2019-06-17,1956.0,1912.1500244140625,1935.0,1931.6500244140625,166057.0,1877.445556640625
2019-06-18,1886.0,1800.0,1886.0,1809.0999755859375,1141067.0,1758.3343505859375
2019-06-19,1834.0,1780.050048828125,1805.0999755859375,1802.8499755859375,265870.0,1752.259765625
2019-06-20,1830.0,1801.0,1805.0,1821.199951171875,107254.0,1770.0947265625
2019-06-21,1894.0,1821.0,1821.0,1872.25,218815.0,1819.7122802734375
2019-06-24,1945.0,1870.0,1885.0,1933.8499755859375,275168.0,1879.5838623046875
2019-06-25,1972.0,1915.0,1946.800048828125,1952.550048828125,413009.0,1897.759033203125
2019-06-26,1985.0,1946.0,1947.0,1979.300048828125,274131.0,1923.7584228515625
2019-06-27,2051.199951171875,1983.0,1986.0,2036.6500244140625,556133.0,1979.4991455078125
2019-06-28,2070.0,2030.0,2030.0,2061.60009765625,338980.0,2003.7490234375
2019-07-01,2099.0,2069.0,2085.0,2080.949951171875,243299.0,2022.5560302734375
2019-07-02,2095.0,1985.0999755859375,2088.0,2001.050048828125,294594.0,1944.898193359375
2019-07-03,2039.0,1974.6500244140625,2001.949951171875,2022.75,278342.0,1965.9891357421875
2019-07-04,2038.9000244140625,1996.0,2015.800048828125,2011.949951171875,107722.0,1967.162353515625
2019-07-05,2028.0,1955.0,2014.0,1974.1500244140625,126136.0,1930.2039794921875
2019-07-08,1961.050048828125,1886.0,1960.0,1904.0999755859375,236653.0,1861.7132568359375
2019-07-09,1969.9000244140625,1900.0,1902.0,1946.0999755859375,193900.0,1902.7781982421875
2019-07-10,1979.8499755859375,1925.0,1955.0999755859375,1945.25,91971.0,1901.9471435546875
2019-07-11,1956.0999755859375,1912.0999755859375,1947.5,1919.800048828125,99172.0,1877.063720703125
2019-07-12,1965.0,1920.0,1920.0,1946.0,102716.0,1902.6805419921875
2019-07-15,1965.0,1925.0,1959.0,1934.800048828125,103475.0,1891.7298583984375
2019-07-16,2014.0,1915.0,1943.0,1990.300048828125,891007.0,1945.994384765625
2019-07-17,2127.0,2032.75,2037.949951171875,2075.39990234375,1164875.0,2029.1998291015625
2019-07-18,2192.0,2065.300048828125,2065.300048828125,2170.0,1132963.0,2121.694091796875
2019-07-19,2370.0,2190.050048828125,2194.0,2318.39990234375,2608148.0,2266.79052734375
2019-07-22,2294.0,2180.25,2292.5,2204.699951171875,562321.0,2155.62158203125
2019-07-23,2204.699951171875,2131.10009765625,2190.0,2144.25,390049.0,2096.517333984375
2019-07-24,2211.800048828125,2050.0,2138.0,2064.39990234375,927089.0,2018.4447021484375
2019-07-25,2134.0,2065.199951171875,2070.0,2091.14990234375,421226.0,2044.599365234375
2019-07-26,2208.0,2089.14990234375,2092.0,2195.35009765625,517878.0,2146.47998046875
2019-07-29,2219.64990234375,2141.25,2213.300048828125,2174.60009765625,258360.0,2126.19189453125
2019-07-30,2237.39990234375,2112.0,2180.75,2135.199951171875,375621.0,2087.668701171875
2019-07-31,2174.5,2094.050048828125,2121.0,2149.199951171875,306075.0,2101.357177734375
2019-08-01,2187.39990234375,2128.0,2160.050048828125,2136.39990234375,303073.0,2088.842041015625
2019-08-02,2184.89990234375,2105.0,2112.199951171875,2153.050048828125,308040.0,2105.121337890625
2019-08-05,2140.0,2045.4000244140625,2133.0,2055.800048828125,425302.0,2010.0362548828125
2019-08-06,2113.0,2055.0,2055.0,2077.550048828125,288121.0,2031.30224609375
2019-08-07,2174.949951171875,2075.550048828125,2075.550048828125,2122.35009765625,467811.0,2075.104736328125
2019-08-08,2189.449951171875,2132.0,2138.699951171875,2163.300048828125,242523.0,2115.143310546875
2019-08-09,2236.60009765625,2172.0,2180.0,2228.550048828125,531710.0,2178.940673828125
2019-08-13,2261.0,2200.0,2239.0,2218.25,231439.0,2168.8701171875
2019-08-14,2249.949951171875,2183.39990234375,2229.0,2200.5,255437.0,2151.51513671875
2019-08-16,2269.0,2191.10009765625,2200.300048828125,2261.800048828125,266030.0,2211.45068359375
2019-08-19,2334.89990234375,2274.449951171875,2275.89990234375,2295.300048828125,345188.0,2244.204833984375
2019-08-20,2316.39990234375,2262.0,2316.39990234375,2271.800048828125,165890.0,2221.22802734375
2019-08-21,2279.199951171875,2193.800048828125,2275.64990234375,2200.75,293265.0,2151.759521484375
2019-08-22,2199.60009765625,2125.89990234375,2199.0,2138.199951171875,232733.0,2090.601806640625
2019-08-23,2187.85009765625,2075.10009765625,2125.300048828125,2175.699951171875,370875.0,2127.26708984375
2019-08-26,2252.0,2189.60009765625,2238.0,2243.10009765625,259574.0,2193.166748046875
2019-08-27,2422.0,2265.0,2270.0,2411.550048828125,1027978.0,2357.8671875
2019-08-28,2478.800048828125,2364.0,2408.0,2400.14990234375,840356.0,2346.720703125
2019-08-29,2454.0,2370.0,2400.0,2432.5,394498.0,2378.3505859375
2019-08-30,2593.89990234375,2440.64990234375,2440.64990234375,2552.199951171875,877722.0,2495.385986328125
2019-09-03,2699.0,2563.10009765625,2575.0,2652.300048828125,1597494.0,2593.2578125
2019-09-04,2643.0,2560.10009765625,2640.0,2573.949951171875,734568.0,2516.65185546875
2019-09-05,2657.60009765625,2583.0,2595.0,2604.60009765625,1011761.0,2546.61962890625
2019-09-06,2643.85009765625,2596.10009765625,2625.0,2611.25,251312.0,2553.12158203125
2019-09-09,2652.10009765625,2607.35009765625,2621.0,2646.699951171875,336111.0,2587.782470703125
2019-09-11,2689.0,2652.0,2671.449951171875,2657.75,316636.0,2598.58642578125
2019-09-12,2698.0,2624.89990234375,2664.300048828125,2664.35009765625,259810.0,2605.03955078125
2019-09-13,2684.85009765625,2642.800048828125,2680.0,2665.199951171875,155249.0,2605.87060546875
2019-09-16,2679.89990234375,2618.85009765625,2664.949951171875,2656.800048828125,255740.0,2597.65771484375
2019-09-17,2705.0,2550.0,2645.0,2573.550048828125,316968.0,2516.2607421875
2019-09-18,2658.0,2575.949951171875,2589.60009765625,2642.10009765625,236643.0,2583.284912109375
2019-09-19,2667.699951171875,2583.699951171875,2653.75,2607.60009765625,168392.0,2549.552978515625
2019-09-20,2832.0,2577.10009765625,2630.0,2793.800048828125,658717.0,2731.60791015625
2019-09-23,2975.0,2871.0,2871.0,2956.75,521770.0,2890.930419921875
2019-09-24,2945.0,2902.949951171875,2942.0,2929.949951171875,403851.0,2864.726806640625
2019-09-25,2922.0,2850.0,2922.0,2866.0,188914.0,2802.20068359375
2019-09-26,2918.0,2830.0,2873.699951171875,2848.39990234375,299389.0,2784.9921875
2019-09-27,2878.0,2777.699951171875,2855.10009765625,2804.0,237911.0,2741.58056640625
2019-09-30,2839.14990234375,2787.0,2800.0,2801.699951171875,190861.0,2739.33203125
2019-10-01,2827.5,2706.0,2819.0,2744.64990234375,228980.0,2683.5517578125
2019-10-03,2750.0,2650.050048828125,2720.0,2706.10009765625,185453.0,2645.8603515625
2019-10-04,2722.699951171875,2657.0,2706.0,2677.0,245864.0,2617.407958984375
2019-10-07,2756.0,2635.60009765625,2677.0,2691.75,366377.0,2631.82958984375
2019-10-09,2798.199951171875,2685.10009765625,2715.0,2708.35009765625,515266.0,2648.06005859375
2019-10-10,2760.89990234375,2710.0,2712.89990234375,2723.550048828125,293179.0,2662.921630859375
2019-10-11,2749.89990234375,2710.050048828125,2740.0,2726.0,157294.0,2665.317138671875
2019-10-14,2758.0,2723.75,2743.0,2733.199951171875,228841.0,2672.356689453125
2019-10-15,2744.0,2701.60009765625,2730.0,2705.0,234345.0,2644.78466796875
2019-10-16,2729.699951171875,2711.0,2721.0,2720.5,215012.0,2659.939697265625
2019-10-17,2735.14990234375,2709.39990234375,2728.0,2717.25,178958.0,2656.76171875
2019-10-18,2927.85009765625,2671.0,2727.949951171875,2882.64990234375,1299013.0,2818.47998046875
2019-10-22,3074.699951171875,2884.5,2890.0,3020.60009765625,806845.0,2953.359130859375
2019-10-23,3118.0,2951.0,3031.0,3086.050048828125,530214.0,3017.352294921875
2019-10-24,3139.0,2985.0,3130.0,3000.60009765625,459723.0,2933.80419921875
2019-10-25,3002.050048828125,2882.0,3000.0,2898.550048828125,453274.0,2834.026123046875
2019-10-27,3089.949951171875,2926.35009765625,2938.949951171875,3056.699951171875,345455.0,2988.6552734375
2019-10-29,3068.0,2991.0,3068.0,3012.300048828125,423926.0,2945.243896484375
2019-10-30,3049.949951171875,2975.10009765625,3010.10009765625,2985.85009765625,329710.0,2919.3828125
2019-10-31,3014.5,2970.0,3009.0,2994.300048828125,246841.0,2927.64453125
2019-11-01,3005.0,2961.300048828125,3005.0,2970.10009765625,201716.0,2903.983154296875
2019-11-04,2985.0,2929.0,2985.0,2946.949951171875,230017.0,2881.3486328125
2019-11-05,3072.5,2936.050048828125,2955.0,3008.300048828125,1221743.0,2941.3330078125
2019-11-06,3012.85009765625,2924.449951171875,3007.75,2933.949951171875,736147.0,2868.637939453125
2019-11-07,3039.0,2892.300048828125,2952.0,3016.75,1272330.0,2949.5947265625
2019-11-08,3248.89990234375,3018.0,3035.0,3191.550048828125,2262911.0,3120.503662109375
2019-11-11,3360.0,3199.949951171875,3205.0,3346.800048828125,1413551.0,3272.2978515625
2019-11-13,3650.0,3376.050048828125,3385.0,3595.949951171875,1766176.0,3515.9013671875
2019-11-14,3774.0,3537.050048828125,3698.0,3604.0,1585360.0,3523.77197265625
2019-11-15,3639.89990234375,3483.10009765625,3625.0,3498.5,925254.0,3420.62060546875
2019-11-18,3497.0,3435.10009765625,3496.0,3447.199951171875,522942.0,3370.46240234375
2019-11-19,3604.0,3461.0,3464.0,3584.0,827673.0,3504.21728515625
2019-11-20,3653.35009765625,3575.0,3618.0,3626.050048828125,607075.0,3545.331298828125
2019-11-21,3796.5,3646.60009765625,3646.60009765625,3769.75,1163257.0,3685.832275390625
2019-11-22,3844.0,3682.14990234375,3786.5,3707.800048828125,930114.0,3625.261474609375
2019-11-25,3695.0,3566.0,3695.0,3588.60009765625,661401.0,3508.715087890625
2019-11-26,3689.699951171875,3440.0,3625.0,3578.85009765625,7173290.0,3499.181884765625
2019-11-27,3690.0,3604.39990234375,3670.0,3644.0,657658.0,3562.881591796875
2019-11-28,3689.0,3616.199951171875,3625.0,3660.550048828125,455638.0,3579.063232421875
2019-11-29,3682.0,3525.0,3660.60009765625,3536.949951171875,683162.0,3458.214599609375
2019-12-02,3549.0,3365.0,3535.0,3402.550048828125,854180.0,3326.806640625
2019-12-03,3488.0,3370.0,3389.0,3442.800048828125,899295.0,3366.16064453125
2019-12-04,3425.0,3274.0,3349.0,3341.75,1855499.0,3267.360107421875
2019-12-05,3247.699951171875,3171.050048828125,3174.800048828125,3201.199951171875,3106880.0,3129.938720703125
2019-12-06,3264.89990234375,3175.199951171875,3225.0,3182.35009765625,1282931.0,3111.508544921875
2019-12-09,3213.800048828125,2955.699951171875,3198.300048828125,2984.199951171875,1905995.0,2917.769287109375
2019-12-10,3030.0,2834.0,2966.0,2890.10009765625,3340540.0,2825.76416015625
2019-12-11,3047.0,2895.050048828125,2920.0,3026.85009765625,1931868.0,2959.469970703125
2019-12-12,3099.0,3032.39990234375,3084.0,3061.199951171875,1034347.0,2993.05517578125
2019-12-13,3138.0,3070.10009765625,3078.0,3126.050048828125,792919.0,3056.461669921875
2019-12-16,3166.85009765625,3126.5,3137.0,3140.75,499185.0,3070.834228515625
2019-12-17,3168.0,3093.25,3165.0,3153.300048828125,667267.0,3083.10498046875
2019-12-18,3164.89990234375,3125.5,3164.89990234375,3145.60009765625,437950.0,3075.57666015625
2019-12-19,3160.0,3130.0,3145.0,3142.35009765625,332462.0,3072.39892578125
2019-12-20,3259.89990234375,3148.60009765625,3158.0,3247.699951171875,1054999.0,3175.403564453125
2019-12-23,3270.0,3202.0,3250.0,3226.14990234375,534599.0,3154.333251953125
2019-12-24,3244.0,3201.64990234375,3226.0,3211.199951171875,283925.0,3139.71630859375
2019-12-26,3230.0,3180.199951171875,3220.0,3221.449951171875,353547.0,3149.738037109375
2019-12-27,3282.0,3204.0,3240.0,3233.64990234375,684325.0,3161.66650390625
2019-12-30,3268.0,3220.0,3233.60009765625,3233.39990234375,270636.0,3161.421875
2019-12-31,3237.75,3185.0,3235.0,3199.699951171875,321319.0,3128.471923828125
2020-01-01,3214.949951171875,3168.5,3198.050048828125,3177.39990234375,217655.0,3106.668701171875
2020-01-02,3212.0,3160.64990234375,3171.25,3171.800048828125,322391.0,3101.193359375
2020-01-03,3218.449951171875,3165.199951171875,3170.0,3190.300048828125,342200.0,3119.281494140625
2020-01-06,3167.949951171875,3036.050048828125,3162.800048828125,3063.64990234375,603188.0,2995.45068359375
2020-01-07,3150.0,3076.0,3082.0,3094.949951171875,382317.0,3026.053955078125
2020-01-08,3109.0,3002.25,3025.199951171875,3101.39990234375,372582.0,3032.360107421875
2020-01-09,3175.0,3115.0,3148.449951171875,3131.449951171875,283802.0,3061.741455078125
2020-01-10,3135.0,3071.0,3126.0,3079.39990234375,364459.0,3010.85009765625
2020-01-13,3110.0,3055.0,3090.0,3062.10009765625,321948.0,2993.935302734375
2020-01-14,3154.0,3063.64990234375,3075.0,3142.10009765625,466628.0,3072.154541015625
2020-01-15,3211.0,3145.050048828125,3154.0,3204.14990234375,366511.0,3132.822998046875
2020-01-16,3259.75,3217.60009765625,3222.0,3244.800048828125,371056.0,3172.568115234375
2020-01-17,3270.39990234375,3241.050048828125,3257.89990234375,3263.25,243008.0,3190.607421875
2020-01-20,3285.0,3203.39990234375,3279.60009765625,3245.0,260251.0,3172.763916015625
2020-01-21,3240.0,3172.0,3228.0,3179.449951171875,362236.0,3108.673095703125
2020-01-22,3262.0,3140.0,3210.0,3177.75,660200.0,3107.0107421875
2020-01-23,3240.0,3171.39990234375,3171.39990234375,3223.35009765625,435772.0,3151.595947265625
2020-01-24,3244.35009765625,3194.0,3225.0,3209.5,505490.0,3138.053955078125
2020-01-27,3204.0,3162.800048828125,3198.89990234375,3179.550048828125,172858.0,3108.770751953125
2020-01-28,3219.800048828125,3178.0,3190.0,3193.0,262484.0,3121.92138671875
2020-01-29,3205.0,3163.0,3199.699951171875,3177.64990234375,133279.0,3106.912841796875
2020-01-30,3201.0,3154.85009765625,3181.0,3189.60009765625,224807.0,3118.596923828125
2020-01-31,3194.0,3160.0,3180.0,3174.199951171875,196125.0,3103.539794921875
2020-02-03,3091.949951171875,2992.5,3000.0,3075.199951171875,317506.0,3006.743408203125
2020-02-04,3211.60009765625,3090.60009765625,3090.60009765625,3185.89990234375,374359.0,3114.979248046875
2020-02-05,3230.0,3175.0,3204.800048828125,3189.800048828125,362120.0,3118.79248046875
2020-02-06,3335.0,3165.60009765625,3205.0,3318.10009765625,966152.0,3244.236572265625
2020-02-07,3378.199951171875,3293.14990234375,3345.0,3313.89990234375,597375.0,3240.1298828125
2020-02-10,3337.89990234375,3278.75,3320.0,3302.5,273251.0,3228.983642578125
2020-02-11,3418.0,3315.550048828125,3330.0,3324.14990234375,597307.0,3250.151611328125
2020-02-12,3383.35009765625,3330.0,3336.800048828125,3357.89990234375,307000.0,3283.150390625
2020-02-13,3369.949951171875,3318.0,3360.0,3346.64990234375,206696.0,3272.15087890625
2020-02-14,3378.0,3318.0,3363.39990234375,3327.0,207023.0,3252.9384765625
2020-02-17,3335.64990234375,3208.75,3327.0,3244.300048828125,172453.0,3172.079345703125
2020-02-18,3246.0,3182.0,3245.0,3220.64990234375,198514.0,3148.955810546875
2020-02-19,3375.0,3236.0,3236.0,3358.300048828125,503635.0,3283.541748046875
2020-02-20,3446.60009765625,3345.0,3372.0,3383.800048828125,493099.0,3308.473876953125
2020-02-24,3389.949951171875,3262.10009765625,3360.0,3278.25,275139.0,3205.2734375
2020-02-25,3345.0,3252.300048828125,3298.0,3264.5,221332.0,3191.82958984375
2020-02-26,3315.0,3225.0,3250.0,3273.75,395946.0,3200.873779296875
2020-02-27,3265.0,3187.0,3263.0,3246.64990234375,278275.0,3174.376953125
2020-02-28,3178.949951171875,3100.0,3150.0,3141.39990234375,413686.0,3071.4697265625
2020-03-02,3220.0,3019.050048828125,3210.0,3051.300048828125,443650.0,2983.37548828125
2020-03-03,3102.0,3026.85009765625,3056.0,3062.10009765625,285682.0,2993.935302734375
2020-03-04,3080.0,2995.0,3080.0,3017.25,316386.0,2950.083740234375
2020-03-05,3092.39990234375,3017.699951171875,3030.0,3051.75,270095.0,2983.815673828125
2020-03-06,2999.0,2870.0,2900.0,2973.39990234375,376843.0,2907.20947265625
2020-03-09,2939.89990234375,2776.75,2900.0,2848.75,467145.0,2785.33447265625
2020-03-11,2962.449951171875,2826.0,2860.10009765625,2921.949951171875,385327.0,2856.905029296875
2020-03-12,2820.0,2435.5,2820.0,2477.300048828125,783512.0,2422.1533203125
2020-03-13,2799.0,2002.0999755859375,2166.0,2680.949951171875,1080160.0,2621.27001953125
2020-03-16,2680.0,2426.300048828125,2550.0,2517.35009765625,487773.0,2461.311767578125
2020-03-17,2624.0,2410.0,2555.0,2442.0,494658.0,2387.63916015625
2020-03-18,2500.0,2211.550048828125,2429.949951171875,2305.699951171875,987965.0,2254.373291015625
2020-03-19,2320.0,2070.0,2189.050048828125,2299.449951171875,754695.0,2248.262451171875
2020-03-20,2533.0,2272.300048828125,2313.0,2423.699951171875,712156.0,2369.74658203125
2020-03-23,2300.0,2050.0,2050.0,2111.64990234375,599729.0,2064.642822265625
2020-03-24,2253.949951171875,2000.0,2190.89990234375,2026.1500244140625,636824.0,1981.0462646484375
2020-03-25,2130.0,1962.0,2026.0,2038.949951171875,662238.0,1993.561279296875
2020-03-26,2250.0,2050.0,2089.0,2145.050048828125,818636.0,2097.299560546875
2020-03-27,2249.949951171875,2070.0,2245.050048828125,2083.449951171875,676832.0,2037.0706787109375
2020-03-30,2082.75,1970.0,2010.0,2049.10009765625,442972.0,2003.4854736328125
2020-03-31,2138.0,2051.449951171875,2105.0,2112.800048828125,465956.0,2065.767578125
2020-04-01,2220.0,2115.0,2125.0,2185.75,418688.0,2137.093505859375
2020-04-03,2224.0,2135.0,2190.0,2177.14990234375,520256.0,2128.684814453125
2020-04-07,2255.0,2181.64990234375,2250.0,2243.050048828125,676845.0,2193.1181640625
2020-04-08,2440.0,2214.050048828125,2219.0,2318.75,600971.0,2267.1328125
2020-04-09,2485.0,2353.199951171875,2370.0,2447.25,368674.0,2392.7724609375
2020-04-13,2584.0,2362.0,2450.0,2545.550048828125,519330.0,2488.88427734375
2020-04-15,2709.5,2585.39990234375,2585.39990234375,2616.10009765625,593403.0,2557.863525390625
2020-04-16,2680.0,2562.14990234375,2630.0,2600.5,389131.0,2542.61083984375
2020-04-17,2730.0,2650.0,2679.0,2676.949951171875,306689.0,2617.35888671875
2020-04-20,2820.0,2700.0,2700.0,2792.85009765625,364174.0,2730.67919921875
2020-04-21,2730.0,2610.0,2715.0,2626.39990234375,479892.0,2567.93408203125
2020-04-22,2646.0,2575.0,2598.0,2626.25,406672.0,2567.78759765625
2020-04-23,2671.14990234375,2575.5,2626.89990234375,2591.199951171875,296110.0,2533.517822265625
2020-04-24,2519.0,2362.550048828125,2511.0,2427.75,622772.0,2373.706298828125
2020-04-27,2620.14990234375,2100.0,2416.0,2553.449951171875,1131525.0,2496.608154296875
2020-04-28,2638.0,2483.60009765625,2585.0,2496.64990234375,414415.0,2441.072509765625
2020-04-29,2549.35009765625,2460.0,2514.0,2511.5,416949.0,2455.592041015625
2020-04-30,2575.89990234375,2506.0,2555.0,2530.75,459901.0,2474.413330078125
2020-05-04,2574.0,2410.050048828125,2415.0,2554.800048828125,648604.0,2497.92822265625
2020-05-05,2599.0,2511.0,2599.0,2528.35009765625,257368.0,2472.06689453125
2020-05-06,2600.0,2503.0,2544.949951171875,2591.550048828125,231986.0,2533.860107421875
2020-05-07,2655.0,2570.050048828125,2570.050048828125,2636.35009765625,235736.0,2577.662841796875
2020-05-08,2700.0,2558.5,2650.199951171875,2619.25,396556.0,2560.943359375
2020-05-11,2645.949951171875,2501.300048828125,2525.0,2542.75,467214.0,2486.146240234375
2020-05-12,2559.949951171875,2474.050048828125,2558.0,2532.85009765625,268911.0,2476.466796875
2020-05-13,2660.0,2530.0,2606.0,2547.64990234375,222373.0,2490.93701171875
2020-05-14,2549.800048828125,2490.449951171875,2549.800048828125,2501.25,150083.0,2445.5703125
2020-05-15,2558.949951171875,2456.0,2501.0,2527.800048828125,291502.0,2471.529296875
2020-05-18,2560.0,2472.0,2530.0,2488.10009765625,250782.0,2432.712890625
2020-05-19,2525.0,2475.0,2512.0,2490.300048828125,122605.0,2434.864013671875
2020-05-20,2510.0,2440.0,2494.0,2475.300048828125,203053.0,2420.197998046875
2020-05-21,2496.0,2450.0,2495.0,2458.800048828125,154116.0,2404.0654296875
2020-05-22,2475.0,2415.0,2455.0,2438.550048828125,126282.0,2384.26611328125
2020-05-26,2471.60009765625,2432.0,2450.0,2441.39990234375,98361.0,2387.052490234375
2020-05-27,2470.0,2392.39990234375,2440.0,2450.85009765625,159833.0,2396.292236328125
2020-05-28,2524.14990234375,2441.0,2441.0,2500.800048828125,232177.0,2445.13037109375
2020-05-29,2540.0,2442.050048828125,2480.0,2524.39990234375,292183.0,2468.20458984375
2020-06-01,2687.0,2552.60009765625,2573.10009765625,2654.39990234375,428953.0,2595.310791015625
2020-06-02,2697.10009765625,2640.0,2675.0,2662.64990234375,248708.0,2603.377197265625
2020-06-03,2684.0,2625.0,2674.800048828125,2643.699951171875,276450.0,2584.84912109375
2020-06-04,2757.85009765625,2610.10009765625,2640.0,2743.550048828125,746501.0,2682.4765625
2020-06-05,2779.449951171875,2668.699951171875,2760.10009765625,2729.800048828125,202515.0,2669.03271484375
2020-06-08,2773.35009765625,2674.0,2770.0,2685.14990234375,269227.0,2625.376220703125
2020-06-09,2685.0,2620.0,2685.0,2634.39990234375,323611.0,2575.755859375
2020-06-10,2654.89990234375,2598.0,2630.0,2614.64990234375,202792.0,2556.445556640625
2020-06-11,2660.0,2603.050048828125,2615.25,2640.0,237255.0,2581.2314453125
2020-06-12,2675.0,2531.0,2531.0,2661.199951171875,264342.0,2601.95947265625
2020-06-15,2681.949951171875,2588.0,2661.199951171875,2605.699951171875,275780.0,2547.695068359375
2020-06-16,2621.949951171875,2532.5,2600.0,2539.949951171875,658470.0,2483.40869140625
2020-06-17,2489.949951171875,2405.5,2456.10009765625,2415.949951171875,2391369.0,2362.169189453125
2020-06-18,2438.89990234375,2402.14990234375,2404.5,2425.550048828125,1631508.0,2371.555419921875
2020-06-19,2460.0,2410.25,2419.800048828125,2444.699951171875,1024762.0,2390.279052734375
2020-06-22,2511.0,2450.0,2464.0,2460.75,1066595.0,2405.9716796875
2020-06-23,2554.0,2472.0,2490.0,2505.050048828125,1116234.0,2449.28564453125
2020-06-24,2540.800048828125,2440.0,2526.0,2447.300048828125,652407.0,2392.821044921875
2020-06-25,2468.800048828125,2424.85009765625,2440.0,2448.39990234375,355953.0,2393.896484375
2020-06-26,2503.300048828125,2450.0,2470.0,2488.10009765625,461870.0,2432.712890625
2020-06-29,2499.0,2450.0,2474.0,2482.800048828125,349496.0,2427.531005859375
2020-06-30,2496.5,2467.050048828125,2488.0,2483.35009765625,388258.0,2428.068603515625
2020-07-01,2496.0,2465.0,2484.89990234375,2476.14990234375,245357.0,2421.02880859375
2020-07-02,2529.0,2485.0,2499.0,2516.449951171875,428116.0,2460.431884765625
2020-07-03,2561.0,2500.0,2528.0,2543.949951171875,428027.0,2487.319580078125
2020-07-06,2618.800048828125,2553.800048828125,2568.0,2590.300048828125,503450.0,2532.6376953125
2020-07-07,2626.550048828125,2600.0,2600.0,2619.199951171875,421815.0,2560.89453125
2020-07-08,2632.0,2550.0,2626.0,2557.0,353427.0,2500.0791015625
2020-07-09,2551.75,2477.10009765625,2545.0,2488.75,443268.0,2460.28955078125
2020-07-10,2498.0,2447.0,2488.0,2458.64990234375,300998.0,2430.533447265625
2020-07-13,2478.75,2418.300048828125,2472.0,2445.699951171875,299121.0,2417.731689453125
2020-07-14,2462.0,2420.5,2454.800048828125,2441.300048828125,380237.0,2413.382080078125
2020-07-15,2500.550048828125,2385.25,2494.0,2427.550048828125,1361717.0,2399.789306640625
2020-07-16,2455.0,2390.550048828125,2413.85009765625,2449.35009765625,382079.0,2421.340087890625
2020-07-17,2485.0,2426.199951171875,2457.0,2473.10009765625,372021.0,2444.818603515625
2020-07-20,2485.75,2442.0,2484.39990234375,2462.75,361378.0,2434.586669921875
2020-07-21,2522.0,2468.10009765625,2470.800048828125,2512.5,496526.0,2483.767822265625
2020-07-22,2529.0,2483.14990234375,2525.0,2505.199951171875,308193.0,2476.55126953125
2020-07-23,2527.0,2475.300048828125,2510.0,2494.64990234375,502858.0,2466.121826171875
2020-07-24,2489.5,2451.0,2480.0,2465.25,299311.0,2437.05810546875
2020-07-27,2462.449951171875,2411.0,2459.89990234375,2417.5,338455.0,2389.854248046875
2020-07-28,2440.0,2391.0,2421.0,2406.35009765625,374810.0,2378.831787109375
2020-07-29,2424.0,2380.0,2387.199951171875,2385.75,683248.0,2358.46728515625
2020-07-30,2420.0,2385.050048828125,2405.0,2411.75,309356.0,2384.169921875
2020-07-31,2428.0,2387.699951171875,2411.75,2419.64990234375,217996.0,2391.9794921875
2020-08-03,2437.0,2395.10009765625,2420.0,2426.10009765625,283538.0,2398.35595703125
2020-08-04,2439.0,2406.0,2436.0,2430.10009765625,231407.0,2402.310302734375
2020-08-05,2440.10009765625,2385.0,2435.0,2386.949951171875,540053.0,2359.653564453125
2020-08-06,2403.800048828125,2368.050048828125,2400.0,2379.60009765625,328048.0,2352.3876953125
2020-08-07,2384.0,2352.25,2380.89990234375,2369.0,364555.0,2341.908935546875
2020-08-10,2395.0,2361.0,2384.0,2363.89990234375,478137.0,2336.8671875
2020-08-11,2378.0,2337.0,2361.300048828125,2342.199951171875,423447.0,2315.415283203125
2020-08-12,2346.949951171875,2325.550048828125,2342.949951171875,2330.0,372290.0,2303.354736328125
2020-08-13,2353.949951171875,2318.050048828125,2340.0,2327.449951171875,338164.0,2300.833984375
2020-08-14,2374.60009765625,2324.800048828125,2341.0,2345.60009765625,440870.0,2318.776611328125
2020-08-17,2382.949951171875,2332.300048828125,2365.0,2374.25,250376.0,2347.098876953125
2020-08-18,2420.39990234375,2376.050048828125,2385.0,2414.25,334272.0,2386.641357421875
2020-08-19,2442.0,2396.0,2424.949951171875,2430.800048828125,355846.0,2403.002197265625
2020-08-20,2419.0,2385.0,2410.050048828125,2400.0,258397.0,2372.554443359375
2020-08-21,2415.0,2389.0,2410.0,2399.60009765625,269235.0,2372.158935546875
2020-08-24,2498.89990234375,2400.0,2400.0,2475.550048828125,811831.0,2447.240478515625
2020-08-25,2515.0,2461.0,2500.0,2490.949951171875,423777.0,2462.464111328125
2020-08-26,2498.0,2436.0,2492.0,2471.0,339010.0,2442.742431640625
2020-08-27,2509.0,2460.14990234375,2484.0,2499.449951171875,334923.0,2470.866943359375
2020-08-28,2522.10009765625,2475.0,2515.0,2501.25,323835.0,2472.646484375
2020-08-31,2529.0,2390.39990234375,2525.0,2410.89990234375,532315.0,2383.32958984375
2020-09-01,2435.0,2381.949951171875,2415.0,2417.550048828125,201366.0,2389.90380859375
2020-09-02,2440.0,2401.0,2421.0,2428.449951171875,170150.0,2400.678955078125
2020-09-03,2488.10009765625,2430.5,2439.89990234375,2472.39990234375,170897.0,2444.126220703125
2020-09-04,2440.0,2390.0,2407.699951171875,2416.800048828125,242045.0,2389.162353515625
2020-09-07,2434.64990234375,2400.5,2414.0,2422.300048828125,101851.0,2394.599365234375
2020-09-08,2429.949951171875,2403.800048828125,2429.949951171875,2425.199951171875,132774.0,2397.466064453125
2020-09-09,2400.0,2357.0,2392.0,2370.75,358537.0,2343.638916015625
2020-09-10,2414.800048828125,2380.0,2394.89990234375,2399.35009765625,252305.0,2371.911865234375
2020-09-11,2407.949951171875,2363.0,2389.0,2368.25,281367.0,2341.16748046875
2020-09-14,2390.0,2335.0,2372.0,2350.0,332708.0,2323.126220703125
2020-09-15,2364.0,2303.050048828125,2350.0,2307.300048828125,430990.0,2280.91455078125
2020-09-16,2324.0,2288.0,2324.0,2291.199951171875,554627.0,2264.99853515625
2020-09-17,2333.0,2251.0,2285.14990234375,2259.64990234375,489173.0,2233.809326171875
2020-09-18,2274.949951171875,2181.0,2274.0,2215.449951171875,891168.0,2190.11474609375
2020-09-21,2208.0,2159.0,2199.89990234375,2164.550048828125,490093.0,2139.796875
2020-09-22,2163.0,2122.0,2160.0,2152.85009765625,513395.0,2128.230712890625
2020-09-23,2250.949951171875,2132.14990234375,2170.0,2143.10009765625,486620.0,2118.59228515625
2020-09-24,2138.449951171875,2100.10009765625,2138.0,2103.25,490606.0,2079.197998046875
2020-09-25,2131.0,2070.050048828125,2125.0,2110.75,373783.0,2086.612060546875
2020-09-28,2280.0,2127.75,2127.75,2251.550048828125,453254.0,2225.802001953125
2020-09-29,2320.0,2210.0,2299.0,2254.85009765625,449985.0,2229.064453125
2020-09-30,2292.199951171875,2221.0,2274.0,2269.85009765625,291280.0,2243.892822265625
2020-10-01,2284.0,2248.0,2284.0,2275.10009765625,191135.0,2249.082763671875
2020-10-05,2323.0,2270.0,2300.0,2300.550048828125,232172.0,2274.24169921875
2020-10-06,2325.89990234375,2289.0,2308.949951171875,2318.550048828125,163855.0,2292.035888671875
2020-10-07,2344.5,2291.39990234375,2319.0,2327.800048828125,230574.0,2301.18017578125
2020-10-08,2356.0,2321.0,2339.550048828125,2347.5,181093.0,2320.65478515625
2020-10-09,2374.199951171875,2330.199951171875,2346.699951171875,2367.800048828125,204643.0,2340.72265625
2020-10-12,2374.699951171875,2282.14990234375,2374.699951171875,2303.199951171875,235166.0,2276.861328125
2020-10-13,2293.699951171875,2258.0,2285.0,2284.89990234375,166529.0,2258.7705078125
2020-10-14,2333.0,2266.050048828125,2292.0,2324.10009765625,327420.0,2297.5224609375
2020-10-15,2325.5,2270.10009765625,2324.0,2275.64990234375,233114.0,2249.626220703125
2020-10-16,2299.89990234375,2260.64990234375,2285.0,2284.39990234375,116422.0,2258.276123046875
2020-10-19,2335.0,2285.10009765625,2291.0,2328.949951171875,285032.0,2302.31689453125
2020-10-20,2354.0,2309.0,2329.89990234375,2347.550048828125,152718.0,2320.7041015625
2020-10-21,2355.0,2319.199951171875,2352.800048828125,2336.800048828125,161626.0,2310.0771484375
2020-10-22,2362.699951171875,2312.449951171875,2342.0,2357.10009765625,121879.0,2330.14501953125
2020-10-23,2356.5,2296.050048828125,2325.0,2308.89990234375,331567.0,2282.49609375
2020-10-26,2310.0,2275.10009765625,2308.0,2305.14990234375,149548.0,2278.788818359375
2020-10-27,2330.0,2266.0,2290.0,2295.39990234375,321143.0,2269.150390625
2020-10-28,2304.949951171875,2270.0,2301.0,2282.25,141126.0,2256.15087890625
2020-10-29,2275.85009765625,2237.050048828125,2260.0,2262.35009765625,303743.0,2236.478515625
2020-10-30,2272.39990234375,2245.0,2262.35009765625,2250.199951171875,176325.0,2224.46728515625
2020-11-02,2268.0,2225.89990234375,2254.0,2251.5,150056.0,2225.75244140625
2020-11-03,2270.0,2246.0,2251.949951171875,2256.5,111718.0,2230.6953125
2020-11-04,2280.0,2236.60009765625,2277.800048828125,2264.300048828125,137102.0,2238.40625
2020-11-05,2319.75,2264.35009765625,2279.0,2312.39990234375,167818.0,2285.9560546875
2020-11-06,2385.0,2313.050048828125,2323.0,2377.25,293470.0,2350.064453125
2020-11-09,2518.0,2398.0,2400.0,2508.699951171875,1003974.0,2480.01123046875
2020-11-10,2525.0,2407.050048828125,2525.0,2447.75,438580.0,2419.75830078125
2020-11-11,2496.75,2411.5,2450.050048828125,2443.75,305706.0,2415.803955078125
2020-11-12,2463.0,2415.300048828125,2443.75,2435.85009765625,207058.0,2407.994384765625
2020-11-13,2435.0,2400.050048828125,2415.0,2404.14990234375,152414.0,2376.65673828125
2020-11-14,2459.89990234375,2418.0,2437.0,2451.64990234375,84655.0,2423.613525390625
2020-11-17,2524.39990234375,2480.0,2510.0,2504.89990234375,557710.0,2476.254638671875
2020-11-18,2500.0,2461.0,2500.0,2469.199951171875,247769.0,2440.962890625
2020-11-19,2464.35009765625,2410.0,2459.0,2424.75,212741.0,2397.021240234375
2020-11-20,2440.0,2400.050048828125,2434.60009765625,2409.64990234375,151132.0,2382.093994140625
2020-11-23,2476.0,2415.0,2439.0,2427.85009765625,288384.0,2400.0859375
2020-11-24,2483.0,2430.0,2451.0,2472.25,256302.0,2443.97802734375
2020-11-25,2568.449951171875,2480.0,2480.0,2513.39990234375,1163071.0,2484.657470703125
2020-11-26,2554.89990234375,2505.949951171875,2530.0,2548.699951171875,379914.0,2519.5537109375
2020-11-27,2577.10009765625,2500.0,2558.0,2538.800048828125,569891.0,2509.76708984375
2020-12-01,2549.35009765625,2500.0,2549.0,2511.449951171875,373724.0,2482.729736328125
2020-12-02,2589.0,2511.550048828125,2515.0,2555.050048828125,514686.0,2525.831298828125
2020-12-03,2578.0,2544.050048828125,2559.949951171875,2565.89990234375,247420.0,2536.55712890625
2020-12-04,2611.300048828125,2555.050048828125,2575.85009765625,2591.14990234375,353177.0,2561.518310546875
2020-12-07,2722.300048828125,2600.0,2611.699951171875,2711.0,770510.0,2679.997802734375
2020-12-08,2845.0,2730.0,2735.0,2829.39990234375,1336834.0,2797.043701171875
2020-12-09,2863.449951171875,2776.0,2829.39990234375,2811.949951171875,495141.0,2779.79345703125
2020-12-10,2848.0,2756.0,2813.0,2839.14990234375,426532.0,2806.682373046875
2020-12-11,2888.0,2780.0,2839.14990234375,2838.60009765625,370666.0,2806.138671875
2020-12-14,2852.0,2804.14990234375,2849.0,2841.800048828125,204663.0,2809.302001953125
2020-12-15,2839.0,2780.0,2839.0,2790.800048828125,243069.0,2758.88525390625
2020-12-16,2875.75,2805.0,2822.949951171875,2862.699951171875,508637.0,2829.962890625
2020-12-17,2862.699951171875,2822.050048828125,2862.0,2838.25,163850.0,2805.792724609375
2020-12-18,2899.0,2838.0,2879.0,2862.0,440111.0,2829.27099609375
2020-12-21,2950.0,2700.0,2861.89990234375,2785.35009765625,799804.0,2753.497802734375
2020-12-22,2905.949951171875,2678.0,2786.0,2881.050048828125,613023.0,2848.103271484375
2020-12-23,2982.800048828125,2855.25,2880.0,2938.949951171875,764360.0,2905.341064453125
2020-12-24,2990.0,2880.0,2970.0,2891.449951171875,397620.0,2858.38427734375
2020-12-28,2933.949951171875,2881.050048828125,2924.0,2894.800048828125,226171.0,2861.696044921875
2020-12-29,2923.39990234375,2876.5,2914.800048828125,2907.5,228878.0,2874.250732421875
2020-12-30,2927.0,2876.10009765625,2924.800048828125,2908.699951171875,237351.0,2875.43701171875
2020-12-31,2928.85009765625,2899.10009765625,2908.0,2918.0,211560.0,2884.630615234375
2021-01-01,3015.0,2935.0,2937.64990234375,2998.050048828125,725339.0,2963.765380859375
2021-01-04,3033.699951171875,2970.39990234375,3015.949951171875,3025.64990234375,342044.0,2991.049560546875
2021-01-05,3120.0,2987.949951171875,3000.0,3091.949951171875,428513.0,3056.59130859375
2021-01-06,3138.949951171875,3052.5,3119.10009765625,3099.800048828125,366690.0,3064.351806640625
2021-01-07,3122.89990234375,3028.199951171875,3119.75,3063.14990234375,334927.0,3028.12060546875
2021-01-08,3145.0,3053.14990234375,3063.0,3137.85009765625,468406.0,3101.966552734375
2021-01-11,3195.949951171875,3137.85009765625,3150.0,3182.449951171875,338546.0,3146.056396484375
2021-01-12,3235.0,3162.10009765625,3182.449951171875,3212.60009765625,274537.0,3175.86181640625
2021-01-13,3258.949951171875,3173.199951171875,3220.0,3245.89990234375,440477.0,3208.78076171875
2021-01-14,3339.949951171875,3245.0,3259.0,3315.199951171875,435489.0,3277.288330078125
2021-01-15,3358.89990234375,3225.050048828125,3338.0,3244.39990234375,442190.0,3207.2978515625
2021-01-18,3290.89990234375,3157.449951171875,3244.0,3185.85009765625,325098.0,3149.417724609375
2021-01-19,3226.0,3161.0,3190.10009765625,3204.60009765625,291562.0,3167.953369140625
2021-01-20,3243.050048828125,3180.0,3208.0,3207.0,210673.0,3170.32568359375
2021-01-21,3207.0,3077.949951171875,3207.0,3097.60009765625,590499.0,3062.177001953125
2021-01-22,3133.449951171875,3071.050048828125,3100.050048828125,3101.0,378573.0,3065.537841796875
2021-01-25,3119.75,2925.050048828125,3101.0,2953.14990234375,614840.0,2919.378662109375
2021-01-27,2973.60009765625,2891.699951171875,2954.449951171875,2919.449951171875,333423.0,2886.06396484375
2021-01-28,2940.0,2877.550048828125,2895.0,2920.85009765625,219708.0,2887.4482421875
2021-01-29,2960.199951171875,2852.14990234375,2938.10009765625,2876.550048828125,346133.0,2843.65478515625
2021-02-01,2985.0,2843.449951171875,2890.10009765625,2955.89990234375,449714.0,2922.09716796875
2021-02-02,3037.0,2950.0,2999.39990234375,2977.39990234375,212746.0,2943.351318359375
2021-02-03,3074.10009765625,2961.449951171875,3000.0,3025.199951171875,357290.0,2990.604736328125
2021-02-04,3069.0,3002.60009765625,3025.0,3022.64990234375,289299.0,2988.083740234375
2021-02-05,3051.10009765625,2934.449951171875,3025.550048828125,2966.800048828125,242841.0,2932.87255859375
2021-02-08,3094.0,2972.10009765625,2984.0,3086.699951171875,291684.0,3051.4013671875
2021-02-09,3108.949951171875,2991.949951171875,3095.89990234375,3010.300048828125,312441.0,2975.875244140625
2021-02-10,3029.0,2984.0,2998.64990234375,2999.300048828125,222359.0,2965.0009765625
2021-02-11,3015.0,2975.0,3002.949951171875,2979.39990234375,193061.0,2945.328369140625
2021-02-12,3026.699951171875,2975.449951171875,2990.10009765625,2998.39990234375,188575.0,2964.111083984375
2021-02-15,3047.0,3000.0,3007.0,3005.199951171875,167365.0,2970.83349609375
2021-02-16,3048.0,2981.0,3019.949951171875,3000.550048828125,189278.0,2966.23681640625
2021-02-17,3024.0,2978.10009765625,3000.10009765625,2986.699951171875,184607.0,2952.544921875
2021-02-18,3013.85009765625,2959.0,2996.0,2974.35009765625,188345.0,2940.33642578125
2021-02-19,2998.35009765625,2902.199951171875,2980.0,2934.25,144684.0,2900.69482421875
2021-02-22,2957.550048828125,2855.0,2930.10009765625,2869.050048828125,151270.0,2836.240478515625
2021-02-23,2929.949951171875,2864.050048828125,2887.60009765625,2882.800048828125,145368.0,2849.833251953125
2021-02-24,2959.949951171875,2915.35009765625,2915.35009765625,2925.85009765625,175465.0,2892.390869140625
2021-02-25,2965.0,2930.0,2930.0,2951.949951171875,253631.0,2918.1923828125
2021-02-26,2985.0,2896.050048828125,2925.0,2937.0,345400.0,2903.413330078125
2021-03-01,2980.0,2930.0,2935.0,2938.75,126968.0,2905.143310546875
2021-03-02,2954.949951171875,2892.050048828125,2950.0,2934.10009765625,190913.0,2900.546630859375
2021-03-03,3220.0,2934.0,2950.0,3188.89990234375,1461732.0,3152.4326171875
2021-03-04,3227.800048828125,3120.0,3130.0,3154.39990234375,484577.0,3118.3271484375
2021-03-05,3209.800048828125,3115.0,3152.85009765625,3137.800048828125,378620.0,3101.917236328125
2021-03-08,3194.949951171875,3138.300048828125,3174.0,3150.0,154117.0,3113.9775390625
2021-03-09,3247.25,3145.35009765625,3178.0,3151.64990234375,545769.0,3115.608642578125
2021-03-10,3189.0,3110.050048828125,3180.0,3118.5,149911.0,3082.837890625
2021-03-12,3153.800048828125,3050.0,3118.5,3063.199951171875,227797.0,3028.170166015625
2021-03-15,3087.0,2935.0,3063.199951171875,3005.800048828125,242623.0,2971.4267578125
2021-03-16,3029.949951171875,2965.25,3004.050048828125,2974.35009765625,153523.0,2940.33642578125
2021-03-17,2987.300048828125,2903.89990234375,2974.0,2914.300048828125,179186.0,2880.97314453125
2021-03-18,2944.699951171875,2838.0,2940.0,2845.60009765625,254337.0,2813.05859375
2021-03-19,2930.5,2772.75,2826.0,2871.0,407477.0,2838.168212890625
2021-03-22,2890.0,2850.64990234375,2889.0,2882.550048828125,158775.0,2849.586181640625
2021-03-23,2940.0,2880.0,2909.0,2896.39990234375,180653.0,2863.277587890625
2021-03-24,2918.39990234375,2837.0,2880.0,2848.800048828125,209096.0,2816.22216796875
2021-03-25,2845.0,2782.89990234375,2845.0,2808.0,228820.0,2775.888671875
2021-03-26,2865.25,2816.199951171875,2816.199951171875,2854.35009765625,185010.0,2821.708740234375
2021-03-30,2912.0,2860.0,2860.0,2892.25,180923.0,2859.175048828125
2021-03-31,2974.0,2875.0,2885.10009765625,2919.0,251080.0,2885.619140625
2021-04-01,2975.0,2891.14990234375,2935.0,2963.35009765625,121493.0,2929.462158203125
2021-04-05,2947.699951171875,2851.0,2936.5,2902.35009765625,148725.0,2869.15966796875
2021-04-06,2915.0,2840.0,2910.0,2882.89990234375,257324.0,2849.931884765625
2021-04-07,2930.35009765625,2857.10009765625,2870.0,2899.300048828125,247720.0,2866.14453125
2021-04-08,3042.0,2892.85009765625,2908.0,3005.39990234375,462533.0,2971.031005859375
2021-04-09,3050.10009765625,2941.60009765625,3010.0,2951.949951171875,359984.0,2918.1923828125
2021-04-12,2915.0,2756.0,2880.0,2844.699951171875,330160.0,2812.1689453125
2021-04-13,2890.0,2827.0,2842.0,2873.0,190538.0,2840.145263671875
2021-04-15,2959.0,2855.25,2855.25,2949.5,314438.0,2915.7705078125
2021-04-16,2977.0,2922.89990234375,2945.0,2929.800048828125,116436.0,2896.295654296875
2021-04-19,2871.0,2803.0,2850.0,2819.35009765625,219420.0,2787.10888671875
2021-04-20,2855.0,2775.0,2834.0,2790.89990234375,236066.0,2758.984130859375
2021-04-22,2848.0,2772.0,2772.0,2783.35009765625,265533.0,2751.5205078125
2021-04-23,2845.0,2777.0,2777.0,2822.39990234375,256696.0,2790.123779296875
2021-04-26,2858.0,2813.0,2858.0,2832.39990234375,124493.0,2800.009521484375
2021-04-27,2880.0,2838.0,2839.0,2865.14990234375,250086.0,2832.385009765625
2021-04-28,2854.89990234375,2778.199951171875,2852.89990234375,2806.0,624328.0,2773.911376953125
2021-04-29,2855.0,2780.199951171875,2854.0,2792.199951171875,297386.0,2760.269287109375
2021-04-30,2825.0,2757.050048828125,2779.0,2776.35009765625,326476.0,2744.6005859375
2021-05-03,2771.85009765625,2735.75,2769.10009765625,2753.949951171875,249016.0,2722.45654296875
2021-05-04,2789.5,2724.0,2755.0,2728.35009765625,282871.0,2697.149658203125
2021-05-05,2750.0,2715.050048828125,2728.0,2729.949951171875,195994.0,2698.731201171875
2021-05-06,2768.0,2725.0,2735.0,2732.14990234375,276736.0,2700.906005859375
2021-05-07,2749.0,2699.64990234375,2739.0,2718.64990234375,420702.0,2687.560302734375
2021-05-10,2804.35009765625,2720.0,2720.0,2794.60009765625,627361.0,2762.641845703125
2021-05-11,2820.199951171875,2760.10009765625,2794.60009765625,2796.10009765625,240617.0,2764.124755859375
2021-05-12,2833.85009765625,2764.60009765625,2790.0,2814.85009765625,233169.0,2782.660400390625
2021-05-14,2840.800048828125,2786.0,2827.0,2799.449951171875,171158.0,2767.436279296875
2021-05-17,2835.0,2793.199951171875,2795.0,2822.14990234375,141860.0,2789.876708984375
2021-05-18,2844.699951171875,2817.699951171875,2842.199951171875,2835.050048828125,154842.0,2802.62939453125
2021-05-19,2869.0,2819.949951171875,2821.0,2848.5,133667.0,2815.925537109375
2021-05-20,2859.0,2809.0,2848.0,2812.89990234375,121818.0,2780.732421875
2021-05-21,2833.800048828125,2800.050048828125,2829.0,2813.60009765625,130135.0,2781.424560546875
2021-05-24,2829.35009765625,2790.14990234375,2820.0,2821.199951171875,122041.0,2788.9375
2021-05-25,2838.0,2813.050048828125,2835.10009765625,2824.949951171875,133553.0,2792.644775390625
2021-05-26,2835.0,2815.0,2825.5,2819.949951171875,87468.0,2787.701904296875
2021-05-27,2865.0,2800.0,2831.0,2839.800048828125,261342.0,2807.324951171875
2021-05-28,2981.949951171875,2865.0,2865.0,2969.75,934408.0,2935.788818359375
2021-05-31,3012.0,2932.10009765625,2984.949951171875,2982.14990234375,360601.0,2948.046875
2021-06-01,3012.0,2952.050048828125,2985.0,2964.89990234375,198733.0,2930.994140625
2021-06-02,3024.0,2965.0,2965.0,3014.60009765625,369058.0,2980.1259765625
2021-06-03,3080.0,3016.050048828125,3045.0,3051.10009765625,290567.0,3016.208740234375
2021-06-04,3100.0,3060.0,3079.0,3067.60009765625,223282.0,3032.52001953125
2021-06-07,3069.949951171875,3004.0,3068.0,3032.699951171875,142526.0,2998.01904296875
2021-06-08,3134.0,3050.0,3050.0,3069.050048828125,537456.0,3033.953369140625
2021-06-09,3087.60009765625,3010.0,3077.0,3029.699951171875,212418.0,2995.05322265625
2021-06-10,3114.800048828125,3015.75,3030.0,3077.75,382533.0,3042.5537109375
2021-06-11,3105.0,3041.0,3080.10009765625,3093.0,280663.0,3057.62939453125
2021-06-14,3094.89990234375,3015.25,3094.89990234375,3085.050048828125,121196.0,3049.770263671875
2021-06-15,3119.800048828125,3070.949951171875,3098.89990234375,3083.75,149903.0,3048.485107421875
2021-06-16,3089.89990234375,3045.050048828125,3085.89990234375,3055.39990234375,105013.0,3020.459228515625
2021-06-17,3029.949951171875,2984.0,3025.0,3012.300048828125,181349.0,2977.852294921875
2021-06-18,3029.0,2920.0,3012.300048828125,2945.0,310441.0,2911.322021484375
2021-06-21,2985.0,2908.050048828125,2922.0,2973.25,129363.0,2939.248779296875
2021-06-22,3004.949951171875,2953.5,2999.0,2961.14990234375,113602.0,2927.287109375
2021-06-23,2986.89990234375,2936.199951171875,2981.0,2946.800048828125,117904.0,2913.101318359375
2021-06-24,2970.0,2916.89990234375,2950.0,2934.550048828125,119866.0,2900.991455078125
2021-06-25,3000.0,2934.64990234375,2947.0,2985.300048828125,182970.0,2951.1611328125
2021-06-28,3020.0,2954.949951171875,3000.0,2973.14990234375,191839.0,2939.14990234375
2021-06-29,2976.89990234375,2930.0,2943.0,2944.0,226803.0,2944.0
2021-06-30,2963.0,2912.64990234375,2963.0,2917.449951171875,200329.0,2917.449951171875
2021-07-01,2927.949951171875,2889.550048828125,2920.050048828125,2894.60009765625,144007.0,2894.60009765625
2021-07-02,2914.949951171875,2867.550048828125,2894.60009765625,2875.60009765625,209847.0,2875.60009765625
2021-07-05,2905.0,2870.0,2885.0,2877.800048828125,137236.0,2877.800048828125
2021-07-06,2934.800048828125,2871.0,2871.0,2886.14990234375,231432.0,2886.14990234375
2021-07-07,2914.60009765625,2890.0,2898.0,2898.64990234375,102033.0,2898.64990234375
2021-07-08,2954.0,2896.050048828125,2903.0,2934.699951171875,318520.0,2934.699951171875
2021-07-09,2948.550048828125,2900.0,2948.550048828125,2920.949951171875,138907.0,2920.949951171875
2021-07-12,2968.949951171875,2926.89990234375,2926.89990234375,2935.35009765625,185109.0,2935.35009765625
2021-07-13,2965.0,2920.10009765625,2957.0,2937.449951171875,115303.0,2937.449951171875
2021-07-14,2962.0,2930.5,2935.0,2957.050048828125,125421.0,2957.050048828125
2021-07-15,3097.0,2952.0,2965.0,3086.14990234375,829147.0,3086.14990234375
2021-07-16,3289.0,3060.60009765625,3128.0,3094.449951171875,3421311.0,3094.449951171875
2021-07-19,3050.0,2971.0,3050.0,2992.25,758422.0,2992.25
2021-07-20,2981.0,2865.300048828125,2981.0,2877.64990234375,719896.0,2877.64990234375
2021-07-22,2920.0,2865.25,2897.949951171875,2885.75,530450.0,2885.75
2021-07-23,2911.85009765625,2883.0,2891.0,2899.60009765625,236653.0,2899.60009765625
2021-07-26,2900.5,2860.300048828125,2899.60009765625,2868.75,193067.0,2868.75
2021-07-27,2889.75,2825.0,2874.0,2864.25,154117.0,2864.25
2021-07-28,2887.0,2815.0,2887.0,2827.10009765625,212639.0,2827.10009765625
2021-07-29,2854.949951171875,2810.050048828125,2842.0,2826.64990234375,161895.0,2826.64990234375
2021-07-30,2860.0,2821.0,2826.89990234375,2854.14990234375,225152.0,2854.14990234375
2021-08-02,2894.0,2833.14990234375,2890.0,2871.550048828125,242971.0,2871.550048828125
2021-08-03,2911.5,2855.300048828125,2871.0,2901.800048828125,192754.0,2901.800048828125
2021-08-04,2939.35009765625,2900.300048828125,2915.0,2921.10009765625,310294.0,2921.10009765625
2021-08-05,2934.89990234375,2860.050048828125,2934.89990234375,2925.300048828125,210561.0,2925.300048828125
2021-08-06,2929.0,2898.0,2925.0,2923.050048828125,134904.0,2923.050048828125
2021-08-09,2980.0,2931.14990234375,2950.0,2968.949951171875,454639.0,2968.949951171875
2021-08-10,2989.0,2942.5,2974.949951171875,2984.39990234375,373909.0,2984.39990234375
2021-08-11,3001.60009765625,2863.75,2994.10009765625,2946.25,428794.0,2946.25
2021-08-12,2973.949951171875,2925.050048828125,2939.0,2970.60009765625,181456.0,2970.60009765625
2021-08-13,2994.199951171875,2930.64990234375,2971.0,2939.550048828125,113956.0,2939.550048828125
2021-08-16,2962.0,2890.0,2922.199951171875,2949.60009765625,155172.0,2949.60009765625
2021-08-17,2985.199951171875,2924.0,2949.0,2977.75,211390.0,2977.75
2021-08-18,3025.0,2961.550048828125,2997.0,2995.89990234375,333973.0,2995.89990234375
2021-08-20,2960.0,2915.0,2930.0,2938.199951171875,246206.0,2938.199951171875
2021-08-23,2959.300048828125,2851.85009765625,2959.300048828125,2906.050048828125,350678.0,2906.050048828125
2021-08-24,2938.0,2890.85009765625,2915.0,2922.35009765625,114373.0,2922.35009765625
2021-08-25,2975.0,2926.0,2926.050048828125,2959.800048828125,210493.0,2959.800048828125
2021-08-26,2987.699951171875,2956.949951171875,2965.0,2977.60009765625,188007.0,2977.60009765625
2021-08-27,3053.0,2967.199951171875,2980.0,3030.300048828125,474783.0,3030.300048828125
2021-08-30,3093.0,3040.949951171875,3059.0,3061.89990234375,402042.0,3061.89990234375
2021-08-31,3084.0,3043.0,3070.0,3074.300048828125,398418.0,3074.300048828125
2021-09-01,3110.949951171875,3052.050048828125,3076.0,3097.949951171875,303442.0,3097.949951171875
2021-09-02,3127.0,3097.5,3100.0,3111.10009765625,200314.0,3111.10009765625
2021-09-03,3199.0,3082.050048828125,3109.0,3164.14990234375,429455.0,3164.14990234375
2021-09-06,3262.60009765625,3151.0,3197.0,3188.75,537741.0,3188.75
2021-09-07,3210.0,3100.10009765625,3210.0,3125.39990234375,266529.0,3125.39990234375
2021-09-08,3299.0,3125.75,3139.39990234375,3267.64990234375,817014.0,3267.64990234375
2021-09-09,3365.0,3221.85009765625,3295.449951171875,3248.39990234375,1264083.0,3248.39990234375
2021-09-13,3316.0,3158.39990234375,3258.5,3302.050048828125,595412.0,3302.050048828125
2021-09-14,3338.0,3255.0,3314.0,3268.89990234375,298333.0,3268.89990234375
2021-09-15,3291.64990234375,3228.949951171875,3278.0,3255.800048828125,335701.0,3255.800048828125
2021-09-16,3300.0,3201.75,3259.0,3288.949951171875,282130.0,3288.949951171875
2021-09-17,3325.0,3232.10009765625,3298.0,3268.800048828125,491747.0,3268.800048828125
2021-09-20,3259.949951171875,3152.050048828125,3255.0,3217.75,620651.0,3217.75
2021-09-21,3233.0,3151.89990234375,3210.0,3203.949951171875,219468.0,3203.949951171875
2021-09-22,3240.0,3163.0,3201.0,3213.10009765625,301230.0,3213.10009765625
2021-09-23,3292.0,3225.0,3225.0,3240.64990234375,340496.0,3240.64990234375
2021-09-24,3264.5,3188.5,3254.10009765625,3208.199951171875,326338.0,3208.199951171875
2021-09-27,3238.0,3150.0,3230.0,3167.949951171875,325812.0,3167.949951171875
2021-09-28,3177.39990234375,3040.0,3167.949951171875,3074.35009765625,440283.0,3074.35009765625
2021-09-29,2936.800048828125,2875.64990234375,2910.0,2905.14990234375,7338287.0,2905.14990234375
2021-09-30,2934.0,2905.14990234375,2919.0,2908.60009765625,575176.0,2908.60009765625
2021-10-01,2948.64990234375,2881.10009765625,2898.5,2932.25,528417.0,2932.25
2021-10-04,2939.89990234375,2902.10009765625,2930.0,2908.550048828125,1075319.0,2908.550048828125
2021-10-05,2924.39990234375,2900.050048828125,2908.550048828125,2905.75,755420.0,2905.75
2021-10-06,2924.949951171875,2885.10009765625,2910.0,2894.5,489173.0,2894.5
2021-10-07,2920.5,2905.0,2905.199951171875,2908.85009765625,288775.0,2908.85009765625
2021-10-08,2921.0,2887.550048828125,2915.0,2893.75,336473.0,2893.75
2021-10-11,2920.949951171875,2894.0,2907.699951171875,2914.199951171875,284235.0,2914.199951171875
2021-10-12,2919.89990234375,2895.64990234375,2912.0,2906.85009765625,228279.0,2906.85009765625
2021-10-13,2920.0,2898.35009765625,2910.0,2900.39990234375,198056.0,2900.39990234375
2021-10-14,2964.5,2902.050048828125,2918.0,2950.14990234375,654193.0,2950.14990234375
2021-10-18,2979.0,2930.10009765625,2979.0,2932.449951171875,307747.0,2932.449951171875
2021-10-19,2952.699951171875,2900.0,2935.10009765625,2904.64990234375,329037.0,2904.64990234375
2021-10-20,2913.60009765625,2848.14990234375,2900.0,2860.60009765625,302847.0,2860.60009765625
2021-10-21,2888.0,2826.199951171875,2888.0,2842.25,248210.0,2842.25
2021-10-22,2867.0,2766.449951171875,2850.0,2781.39990234375,500002.0,2781.39990234375
2021-10-25,2802.550048828125,2727.0,2785.14990234375,2768.699951171875,338917.0,2768.699951171875
2021-10-26,2770.0,2679.60009765625,2728.0,2736.14990234375,775280.0,2736.14990234375
2021-10-27,2759.75,2697.800048828125,2759.75,2701.25,481734.0,2701.25
2021-10-28,2713.949951171875,2621.0,2701.25,2629.449951171875,506165.0,2629.449951171875
2021-10-29,2669.89990234375,2600.10009765625,2634.449951171875,2647.199951171875,312973.0,2647.199951171875
2021-11-01,2665.0,2630.449951171875,2660.0,2655.800048828125,172039.0,2655.800048828125
2021-11-02,2684.14990234375,2646.0,2660.39990234375,2665.0,237638.0,2665.0
2021-11-03,2669.949951171875,2621.0,2652.10009765625,2627.35009765625,391877.0,2627.35009765625
2021-11-04,2659.800048828125,2642.0,2658.300048828125,2654.949951171875,66383.0,2654.949951171875
2021-11-08,2678.5,2640.25,2678.5,2663.800048828125,290013.0,2663.800048828125
2021-11-09,2681.5,2647.35009765625,2670.0,2672.89990234375,287046.0,2672.89990234375
2021-11-10,2699.0,2660.0,2672.89990234375,2688.75,216744.0,2688.75
2021-11-11,2697.0,2641.35009765625,2690.050048828125,2647.949951171875,232239.0,2647.949951171875
2021-11-12,2685.0,2653.25,2659.949951171875,2678.699951171875,135309.0,2678.699951171875
2021-11-15,2688.0,2660.0,2678.0,2680.75,152823.0,2680.75
2021-11-16,2688.0,2655.0,2688.0,2660.550048828125,147832.0,2660.550048828125
2021-11-17,2673.0,2644.10009765625,2652.050048828125,2647.64990234375,182993.0,2647.64990234375
2021-11-18,2656.300048828125,2589.89990234375,2650.0,2601.39990234375,316439.0,2601.39990234375
2021-11-22,2613.050048828125,2495.60009765625,2600.0,2510.5,424744.0,2510.5
2021-11-23,2596.949951171875,2480.39990234375,2510.0,2549.89990234375,408561.0,2549.89990234375
2021-11-24,2569.949951171875,2533.0,2560.0,2538.89990234375,375742.0,2538.89990234375
2021-11-25,2548.0,2522.050048828125,2548.0,2533.0,360634.0,2533.0
2021-11-26,2540.800048828125,2487.300048828125,2525.0,2512.949951171875,327956.0,2512.949951171875
2021-11-29,2527.0,2425.199951171875,2487.300048828125,2508.5,471574.0,2508.5
2021-11-30,2572.64990234375,2500.0,2500.0,2511.300048828125,553802.0,2511.300048828125
2021-12-01,2554.949951171875,2518.14990234375,2544.0,2551.199951171875,228822.0,2551.199951171875
2021-12-02,2567.449951171875,2540.89990234375,2545.0,2556.699951171875,250100.0,2556.699951171875
2021-12-03,2621.5,2535.25,2535.25,2579.35009765625,473810.0,2579.35009765625
2021-12-06,2599.0,2523.050048828125,2599.0,2527.949951171875,262349.0,2527.949951171875
2021-12-07,2554.949951171875,2517.0,2542.0,2521.60009765625,225961.0,2521.60009765625
2021-12-08,2575.5,2537.64990234375,2548.0,2569.800048828125,119373.0,2569.800048828125
2021-12-09,2591.85009765625,2551.550048828125,2590.0,2577.949951171875,137736.0,2577.949951171875
2021-12-10,2591.300048828125,2545.14990234375,2591.300048828125,2549.75,214070.0,2549.75
2021-12-13,2569.949951171875,2510.0,2569.949951171875,2513.89990234375,321340.0,2513.89990234375
2021-12-14,2513.39990234375,2476.0,2504.0,2487.199951171875,242029.0,2487.199951171875
2021-12-15,2498.0,2451.0,2489.0,2456.75,211591.0,2456.75
2021-12-16,2485.0,2411.0,2485.0,2437.75,276775.0,2437.75
2021-12-17,2447.89990234375,2378.300048828125,2435.0,2397.949951171875,1227058.0,2397.949951171875
2021-12-20,2397.0,2280.0,2396.5,2313.60009765625,419054.0,2313.60009765625
2021-12-21,2361.14990234375,2315.60009765625,2335.0,2327.14990234375,182979.0,2327.14990234375
2021-12-22,2373.0,2333.449951171875,2334.949951171875,2357.550048828125,246728.0,2357.550048828125
2021-12-23,2384.449951171875,2345.10009765625,2362.25,2378.300048828125,338975.0,2378.300048828125
2021-12-24,2390.0,2325.39990234375,2389.35009765625,2349.10009765625,280056.0,2349.10009765625
2021-12-27,2376.0,2325.949951171875,2340.0,2372.199951171875,140630.0,2372.199951171875
2021-12-28,2427.14990234375,2368.25,2378.10009765625,2417.89990234375,154901.0,2417.89990234375
2021-12-29,2433.949951171875,2406.050048828125,2415.0,2418.800048828125,110745.0,2418.800048828125
2021-12-30,2424.949951171875,2382.0,2420.89990234375,2408.550048828125,276518.0,2408.550048828125
2021-12-31,2449.949951171875,2411.0,2415.949951171875,2446.10009765625,117665.0,2446.10009765625
2022-01-03,2474.449951171875,2450.0,2465.64990234375,2466.199951171875,160239.0,2466.199951171875
2022-01-04,2481.89990234375,2452.0,2475.0,2475.800048828125,140925.0,2475.800048828125
2022-01-05,2491.0,2466.89990234375,2480.0,2479.64990234375,131020.0,2479.64990234375
2022-01-06,2468.0,2441.199951171875,2468.0,2450.199951171875,160936.0,2450.199951171875
2022-01-07,2467.75,2435.39990234375,2467.75,2440.75,233181.0,2440.75
2022-01-10,2530.0,2445.0,2460.0,2518.25,285654.0,2518.25
2022-01-11,2538.0,2481.0,2500.449951171875,2487.25,162099.0,2487.25
2022-01-12,2509.0,2465.050048828125,2509.0,2491.300048828125,162960.0,2491.300048828125
2022-01-13,2507.35009765625,2467.25,2503.89990234375,2474.0,190160.0,2474.0
2022-01-14,2499.0,2455.0,2470.0,2470.60009765625,589008.0,2470.60009765625
2022-01-17,2494.60009765625,2463.300048828125,2484.39990234375,2489.14990234375,180829.0,2489.14990234375
2022-01-18,2504.949951171875,2430.64990234375,2494.0,2449.5,375035.0,2449.5
2022-01-19,2463.199951171875,2388.550048828125,2463.199951171875,2394.199951171875,264613.0,2394.199951171875
2022-01-20,2399.0,2356.75,2388.0,2393.10009765625,241681.0,2393.10009765625
2022-01-21,2388.89990234375,2347.14990234375,2388.89990234375,2369.39990234375,221731.0,2369.39990234375
2022-01-24,2379.800048828125,2235.0,2379.800048828125,2258.85009765625,418139.0,2258.85009765625
2022-01-25,2254.0,2170.64990234375,2225.0,2230.64990234375,570533.0,2230.64990234375
2022-01-27,2234.699951171875,2118.0,2234.699951171875,2140.75,983786.0,2140.75
2022-01-28,2251.39990234375,2141.800048828125,2174.89990234375,2183.800048828125,805044.0,2183.800048828125
2022-01-31,2229.0,2192.25,2229.0,2205.199951171875,462838.0,2205.199951171875
2022-02-01,2229.89990234375,2186.39990234375,2229.0,2216.25,361619.0,2216.25
2022-02-02,2310.0,2221.050048828125,2226.14990234375,2295.300048828125,232739.0,2295.300048828125
2022-02-03,2333.050048828125,2281.0,2301.050048828125,2308.75,354323.0,2308.75
2022-02-04,2319.0,2290.0,2312.199951171875,2300.300048828125,162681.0,2300.300048828125
2022-02-07,2304.25,2196.25,2302.0,2209.699951171875,347872.0,2209.699951171875
2022-02-08,2227.75,2176.0,2220.0,2209.449951171875,276126.0,2209.449951171875
2022-02-09,2244.0,2212.0,2212.0,2232.800048828125,201889.0,2232.800048828125
2022-02-10,2245.0,2203.699951171875,2242.800048828125,2220.89990234375,204512.0,2220.89990234375
2022-02-11,2224.050048828125,2190.35009765625,2200.0,2211.85009765625,252172.0,2211.85009765625
2022-02-14,2184.39990234375,2135.0,2151.25,2172.35009765625,459612.0,2172.35009765625
2022-02-15,2211.25,2167.199951171875,2172.0,2201.10009765625,270837.0,2201.10009765625
2022-02-16,2231.949951171875,2191.050048828125,2217.0,2205.60009765625,340115.0,2205.60009765625
2022-02-17,2219.800048828125,2182.050048828125,2210.0,2205.85009765625,258458.0,2205.85009765625
2022-02-18,2213.89990234375,2181.0,2200.0,2199.25,139339.0,2199.25
2022-02-21,2195.0,2161.199951171875,2190.0,2171.14990234375,175758.0,2171.14990234375
2022-02-22,2189.89990234375,2107.0,2152.0,2181.699951171875,294465.0,2181.699951171875
2022-02-23,2206.0,2171.64990234375,2199.85009765625,2182.949951171875,196013.0,2182.949951171875
2022-02-24,2147.800048828125,2010.0,2121.0,2021.050048828125,606929.0,2021.050048828125
2022-02-25,2109.89990234375,2051.300048828125,2055.0,2080.949951171875,329430.0,2080.949951171875
2022-02-28,2116.39990234375,2030.0,2076.0,2086.199951171875,278550.0,2086.199951171875
2022-03-02,2124.0,2055.050048828125,2070.0,2118.39990234375,285743.0,2118.39990234375
2022-03-03,2141.64990234375,2080.0,2135.0,2088.35009765625,285404.0,2088.35009765625
2022-03-04,2105.300048828125,2048.0,2071.949951171875,2081.5,191483.0,2081.5
2022-03-07,2080.0,1987.8499755859375,2080.0,2038.550048828125,303012.0,2038.550048828125
2022-03-08,2110.0,2007.050048828125,2030.0,2103.89990234375,256820.0,2103.89990234375
2022-03-09,2155.949951171875,2080.14990234375,2125.0,2133.39990234375,258617.0,2133.39990234375
2022-03-10,2185.0,2140.449951171875,2185.0,2169.39990234375,318952.0,2169.39990234375
2022-03-11,2179.0,2140.0,2173.0,2167.800048828125,284426.0,2167.800048828125
2022-03-14,2173.699951171875,2118.0,2164.89990234375,2154.64990234375,241260.0,2154.64990234375
2022-03-15,2173.949951171875,2118.64990234375,2151.14990234375,2132.14990234375,260369.0,2132.14990234375
2022-03-16,2227.0,2145.89990234375,2150.0,2209.199951171875,480898.0,2209.199951171875
2022-03-17,2249.5,2227.0,2245.0,2238.0,378862.0,2238.0
2022-03-21,2255.75,2145.60009765625,2246.75,2152.85009765625,367894.0,2152.85009765625
2022-03-22,2166.85009765625,2121.0,2152.85009765625,2160.35009765625,277448.0,2160.35009765625
2022-03-23,2242.800048828125,2169.60009765625,2169.60009765625,2218.949951171875,595258.0,2218.949951171875
2022-03-24,2225.0,2170.0,2180.0,2180.14990234375,289097.0,2180.14990234375
2022-03-25,2198.75,2142.14990234375,2182.050048828125,2147.35009765625,216125.0,2147.35009765625
2022-03-28,2166.64990234375,2082.14990234375,2151.800048828125,2094.699951171875,439196.0,2094.699951171875
2022-03-29,2113.449951171875,2084.550048828125,2096.199951171875,2094.050048828125,524815.0,2094.050048828125
2022-03-30,2170.0,2110.0,2112.0,2163.300048828125,439542.0,2163.300048828125
2022-03-31,2191.75,2134.89990234375,2163.300048828125,2146.050048828125,413524.0,2146.050048828125
2022-04-01,2292.10009765625,2158.449951171875,2159.949951171875,2276.5,748793.0,2276.5
