Date,High,Low,Open,Close,Volume,Adj Close
2017-09-27,694.0,638.6500244140625,651.0999755859375,681.2000122070312,34610637.0,666.7040405273438
2017-09-28,689.9500122070312,660.0499877929688,671.1500244140625,685.9000244140625,4535542.0,671.303955078125
2017-09-29,687.7000122070312,677.6500244140625,685.0,680.2000122070312,1367676.0,665.725341796875
2017-10-03,688.4500122070312,674.0999755859375,677.0999755859375,684.5,1752630.0,669.9337768554688
2017-10-04,686.8499755859375,679.75,681.5,681.7000122070312,545357.0,667.1934814453125
2017-10-05,680.9500122070312,665.1500244140625,676.0999755859375,666.2000122070312,486144.0,652.0232543945312
2017-10-06,680.5,663.0,665.0,680.0,568793.0,665.5296020507812
2017-10-09,686.0,670.0,670.0,683.9500122070312,647645.0,669.3955078125
2017-10-10,690.0,680.0,680.0,686.4500122070312,750266.0,671.8423461914062
2017-10-11,689.9000244140625,683.5999755859375,683.5999755859375,687.4500122070312,351011.0,672.8211059570312
2017-10-12,702.0,682.2000122070312,682.2000122070312,700.3499755859375,938808.0,685.4464721679688
2017-10-13,701.0,693.2000122070312,693.2000122070312,695.0499877929688,239411.0,680.25927734375
2017-10-16,697.5,674.25,691.5499877929688,696.1500244140625,237478.0,681.3358764648438
2017-10-17,719.9000244140625,690.2000122070312,695.0,718.25,962237.0,702.965576171875
2017-10-18,720.7999877929688,703.7999877929688,711.25,715.25,338460.0,700.0294189453125
2017-10-19,723.0,708.0499877929688,709.5999755859375,722.2000122070312,154703.0,706.8316040039062
2017-10-23,715.0,690.0,710.0,693.0999755859375,450439.0,678.3507080078125
2017-10-24,705.0,685.2999877929688,693.1500244140625,696.2000122070312,643340.0,681.3848876953125
2017-10-25,699.9500122070312,675.5499877929688,696.2000122070312,683.2999877929688,1108214.0,668.7593383789062
2017-10-26,690.0,679.0999755859375,679.0999755859375,684.9500122070312,221326.0,671.11083984375
2017-10-27,685.0,679.0499877929688,682.0,682.9000244140625,342918.0,669.102294921875
2017-10-30,686.0,675.75,679.9000244140625,680.2000122070312,287901.0,666.4568481445312
2017-10-31,689.0,674.5,675.1500244140625,677.0,949376.0,663.3214721679688
2017-11-01,686.0,676.9000244140625,677.0,680.5999755859375,200249.0,666.8486328125
2017-11-02,689.0,675.0,675.1500244140625,681.0,234604.0,667.24072265625
2017-11-03,689.5,671.0,681.0,674.5999755859375,302434.0,660.9700317382812
2017-11-06,684.25,671.0,671.0,681.1500244140625,186130.0,667.3876342773438
2017-11-07,682.9500122070312,679.2000122070312,680.0,680.2999877929688,171495.0,666.5548095703125
2017-11-08,682.5,674.0999755859375,674.0999755859375,678.7999877929688,105538.0,665.0850830078125
2017-11-09,681.0,667.6500244140625,675.2999877929688,678.7999877929688,120713.0,665.0850830078125
2017-11-10,680.9500122070312,670.0,670.0,680.2999877929688,114509.0,666.5548095703125
2017-11-13,687.0,676.2000122070312,680.5,685.4500122070312,274626.0,671.6007080078125
2017-11-14,690.0,676.0,676.0,686.0,208105.0,672.1396484375
2017-11-15,688.0,677.0999755859375,677.0999755859375,686.4000244140625,439900.0,672.5316162109375
2017-11-16,685.9500122070312,670.0,682.5,677.75,164254.0,664.0563354492188
2017-11-17,689.0,676.25,681.0,685.5999755859375,212775.0,671.7477416992188
2017-11-20,692.0,680.25,683.0,689.4500122070312,189081.0,675.5199584960938
2017-11-21,707.9000244140625,684.5,684.5,699.0499877929688,337085.0,684.926025390625
2017-11-22,701.0,690.0,696.0,695.9000244140625,68032.0,681.8396606445312
2017-11-23,708.0,685.9500122070312,694.0,701.0,91465.0,686.8365478515625
2017-11-24,702.0,693.0,693.0,700.0999755859375,163475.0,685.9547729492188
2017-11-27,703.0,692.5999755859375,692.5999755859375,700.5999755859375,66789.0,686.4446411132812
2017-11-28,713.5,695.0499877929688,695.0499877929688,706.0499877929688,229161.0,691.7846069335938
2017-11-29,726.0499877929688,697.0999755859375,700.5,718.9500122070312,405626.0,704.4238891601562
2017-11-30,717.4000244140625,706.0999755859375,711.2000122070312,714.3499755859375,73339.0,699.9168701171875
2017-12-01,723.5,710.0,710.0,719.9500122070312,143549.0,705.4036865234375
2017-12-04,724.5,712.0,712.0,720.75,120194.0,706.1875
2017-12-05,729.9500122070312,708.0999755859375,715.2999877929688,727.3499755859375,157420.0,712.6541137695312
2017-12-06,729.0,715.1500244140625,725.0,726.6500244140625,101857.0,711.9683837890625
2017-12-07,745.0,718.5,726.0,735.1500244140625,174841.0,720.296630859375
2017-12-08,769.0,731.0,731.0,765.75,727030.0,750.2783203125
2017-12-11,770.0,750.0,762.0,764.7000122070312,157528.0,749.24951171875
2017-12-12,790.9500122070312,762.0,762.0,784.2999877929688,261948.0,768.45361328125
2017-12-13,790.0,768.6500244140625,790.0,775.0999755859375,140986.0,759.4393920898438
2017-12-14,781.0,772.0,772.0,777.1500244140625,305401.0,761.4480590820312
2017-12-15,794.7000122070312,777.0999755859375,778.0,790.7999877929688,179103.0,774.8222045898438
2017-12-18,802.0,750.0499877929688,780.7999877929688,800.0,325541.0,783.8363037109375
2017-12-19,810.0,785.5,795.0,796.2999877929688,105430.0,780.2111206054688
2017-12-20,797.6500244140625,771.4000244140625,790.5,776.2999877929688,110134.0,760.615234375
2017-12-21,785.0,765.0,778.0,775.2000122070312,160212.0,759.5374145507812
2017-12-22,788.0,768.0,775.0,777.3499755859375,1273767.0,761.6439819335938
2017-12-26,789.5999755859375,773.1500244140625,773.1500244140625,786.4000244140625,209738.0,770.5111694335938
2017-12-27,790.0,775.5499877929688,786.0,781.25,124036.0,765.4651489257812
2017-12-28,795.0,776.2000122070312,776.2000122070312,792.25,73414.0,776.242919921875
2017-12-29,795.7999877929688,765.5499877929688,792.0,775.5,101722.0,759.8313598632812
2018-01-01,798.0,775.0,775.0,795.5,161859.0,779.4273071289062
2018-01-02,805.0,775.0,787.0999755859375,800.0499877929688,221601.0,783.8853759765625
2018-01-03,804.0,786.2000122070312,796.0,800.2999877929688,61608.0,784.1303100585938
2018-01-04,809.5,793.6500244140625,800.0499877929688,807.4500122070312,76967.0,791.1358032226562
2018-01-05,824.9500122070312,801.7999877929688,802.0999755859375,822.0499877929688,93994.0,805.4407348632812
2018-01-08,850.0,815.0499877929688,822.0,847.9500122070312,391458.0,830.8175048828125
2018-01-09,839.0,776.0,839.0,785.5999755859375,600903.0,769.7271728515625
2018-01-10,794.7999877929688,777.0,777.0,778.0,156240.0,762.2808837890625
2018-01-11,798.0,777.6500244140625,780.0,790.25,118785.0,774.2833251953125
2018-01-12,798.8499755859375,780.2999877929688,793.8499755859375,790.2999877929688,130779.0,774.3323364257812
2018-01-15,800.0499877929688,770.0999755859375,788.4500122070312,788.75,139302.0,772.8135986328125
2018-01-16,844.7999877929688,790.0,800.0,811.2000122070312,1216523.0,794.81005859375
2018-01-17,872.0,815.25,815.25,850.0499877929688,1536781.0,832.8751831054688
2018-01-18,864.4500122070312,830.0999755859375,849.0,843.5,504528.0,826.45751953125
2018-01-19,837.5,815.0,835.25,827.5999755859375,110733.0,810.878662109375
2018-01-22,857.8499755859375,816.0,822.0499877929688,853.5999755859375,269449.0,836.3533935546875
2018-01-23,852.1500244140625,826.0,849.0,831.4500122070312,231215.0,814.65087890625
2018-01-24,843.0,825.0,830.0,836.6500244140625,86293.0,819.745849609375
2018-01-25,839.9000244140625,815.0,825.5,828.8499755859375,59682.0,812.1034545898438
2018-01-29,850.0,816.0999755859375,822.5999755859375,823.9000244140625,119794.0,807.25341796875
2018-01-30,825.5,791.0,824.0,803.0499877929688,242129.0,786.8245849609375
2018-01-31,805.0,783.0999755859375,795.0999755859375,786.9000244140625,255762.0,771.0010375976562
2018-02-01,839.0,788.0,788.0,833.6500244140625,1190501.0,816.8064575195312
2018-02-02,838.4000244140625,788.0,813.0499877929688,819.8499755859375,561787.0,803.2852172851562
2018-02-05,823.4000244140625,770.0,800.0,815.7000122070312,115787.0,799.2191162109375
2018-02-06,820.0,749.2999877929688,750.0,807.0499877929688,124842.0,790.7439575195312
2018-02-07,821.5,805.9000244140625,808.0499877929688,818.7000122070312,61961.0,802.1585693359375
2018-02-08,827.0,806.0,819.0499877929688,809.6500244140625,106731.0,793.2913208007812
2018-02-09,820.0,795.0499877929688,800.0,816.0999755859375,186837.0,799.6109619140625
2018-02-12,826.9000244140625,813.5499877929688,813.5499877929688,823.25,614870.0,806.6165771484375
2018-02-14,822.5999755859375,807.2999877929688,812.2000122070312,815.0999755859375,268375.0,798.6312255859375
2018-02-15,820.0,795.0,818.0,803.25,399369.0,787.0206909179688
2018-02-16,819.5,803.25,803.25,815.2000122070312,281637.0,798.7293090820312
2018-02-19,820.5,804.7000122070312,804.7000122070312,819.2999877929688,108433.0,802.746337890625
2018-02-20,825.4000244140625,810.0499877929688,816.0,819.9000244140625,74057.0,803.3342895507812
2018-02-21,822.4500122070312,810.0,816.0,814.8499755859375,69462.0,798.3861694335938
2018-02-22,820.0,800.0999755859375,810.2000122070312,809.1500244140625,82208.0,792.8014526367188
2018-02-23,826.4500122070312,810.0,810.0,820.7000122070312,170633.0,804.1181640625
2018-02-26,824.0,805.5,813.0499877929688,818.7999877929688,127924.0,802.2564697265625
2018-02-27,820.0,811.0,812.0,816.0,108531.0,799.5130615234375
2018-02-28,818.5,785.0,816.0,794.7999877929688,250592.0,778.7412719726562
2018-03-01,809.8499755859375,785.0,800.25,787.6500244140625,113061.0,771.7359008789062
2018-03-05,794.9500122070312,773.0,785.0,780.5999755859375,255494.0,764.8282470703125
2018-03-06,795.9500122070312,781.2999877929688,781.2999877929688,794.5,329751.0,778.4474487304688
2018-03-07,794.0499877929688,786.7999877929688,787.4500122070312,790.0499877929688,284060.0,774.0873413085938
2018-03-08,804.25,790.2999877929688,790.2999877929688,800.7999877929688,452558.0,784.6201782226562
2018-03-09,822.0,799.5999755859375,803.0,812.9000244140625,359829.0,796.4757080078125
2018-03-12,821.5499877929688,803.6500244140625,805.2000122070312,816.9000244140625,555337.0,800.3948974609375
2018-03-13,836.1500244140625,808.8499755859375,820.7999877929688,827.7000122070312,749989.0,810.9766845703125
2018-03-14,825.0,803.0,819.4000244140625,806.4000244140625,256334.0,790.1071166992188
2018-03-15,813.5,795.0999755859375,800.0,799.8499755859375,98117.0,783.6893920898438
2018-03-16,810.0,762.7999877929688,806.2999877929688,771.25,1956405.0,755.6671752929688
2018-03-19,795.0,765.8499755859375,771.0,770.5,134624.0,754.932373046875
2018-03-20,778.9000244140625,747.6500244140625,769.9000244140625,757.75,510135.0,742.43994140625
2018-03-21,760.0999755859375,730.0999755859375,758.0499877929688,731.3499755859375,920575.0,716.5733642578125
2018-03-22,739.7999877929688,718.0,734.6500244140625,727.2999877929688,353510.0,712.6051635742188
2018-03-23,746.0,707.2000122070312,720.0,741.1500244140625,165426.0,726.1754150390625
2018-03-26,767.5,740.2999877929688,740.2999877929688,762.5499877929688,220976.0,747.1429443359375
2018-03-27,799.0,760.0,760.0499877929688,793.5499877929688,192715.0,777.5166015625
2018-03-28,799.0,788.0,793.5499877929688,793.8499755859375,199358.0,777.810546875
2018-04-02,795.0,775.5499877929688,789.0,783.9500122070312,140932.0,768.1106567382812
2018-04-03,794.5499877929688,765.9000244140625,770.0,789.9500122070312,99682.0,773.9893188476562
2018-04-04,793.4500122070312,775.5499877929688,780.0,781.2000122070312,120689.0,765.4161376953125
2018-04-05,791.5,782.0,782.0,789.0499877929688,165785.0,773.1075439453125
2018-04-06,804.7000122070312,782.2999877929688,790.0,797.5499877929688,216310.0,781.435791015625
2018-04-09,798.0,740.0,791.0,767.7000122070312,323739.0,752.1889038085938
2018-04-10,790.0,770.0499877929688,778.7000122070312,782.0,107713.0,766.2000122070312
2018-04-11,785.0,770.0499877929688,781.0,771.4500122070312,65768.0,755.8631591796875
2018-04-12,777.7000122070312,763.0,770.0,765.5499877929688,227585.0,750.0823974609375
2018-04-13,788.0,760.0,760.0,780.0999755859375,87476.0,764.3384399414062
2018-04-16,788.9000244140625,770.0,770.0,779.5,56132.0,763.7505493164062
2018-04-17,784.0,763.0,779.9000244140625,765.6500244140625,123909.0,750.180419921875
2018-04-18,779.9000244140625,766.0,766.0,773.5,88243.0,757.8717651367188
2018-04-19,780.0499877929688,766.0,770.5,773.5999755859375,137570.0,757.9697875976562
2018-04-20,778.7999877929688,762.1500244140625,778.7999877929688,770.2000122070312,181761.0,754.6383666992188
2018-04-23,770.0,756.5,769.9500122070312,760.3499755859375,148848.0,744.9873657226562
2018-04-24,775.0499877929688,760.0999755859375,771.9000244140625,773.2000122070312,141005.0,757.5777587890625
2018-04-25,776.5,762.0,775.0,774.0499877929688,224505.0,758.41064453125
2018-04-26,779.7999877929688,751.0,778.7999877929688,754.5999755859375,346044.0,739.3535766601562
2018-04-27,763.0,739.9500122070312,750.0,752.9500122070312,153180.0,737.7369384765625
2018-04-30,767.0,750.8499755859375,752.9500122070312,759.9000244140625,305316.0,744.546630859375
2018-05-02,762.7000122070312,735.0999755859375,752.2000122070312,743.9500122070312,413463.0,728.9188232421875
2018-05-03,749.9500122070312,734.0,740.0,738.25,58750.0,723.3341064453125
2018-05-04,748.0,712.0,740.0,719.8499755859375,99620.0,705.3057250976562
2018-05-07,738.0,721.7000122070312,723.5,733.2999877929688,92582.0,718.4840087890625
2018-05-08,755.9500122070312,730.5999755859375,735.0,752.7999877929688,187341.0,737.5899658203125
2018-05-09,754.9000244140625,738.5,746.0,748.4000244140625,92821.0,733.2789306640625
2018-05-10,760.0,745.3499755859375,750.25,750.0499877929688,137555.0,734.8955078125
2018-05-11,759.5999755859375,746.0499877929688,746.0499877929688,754.0999755859375,83363.0,738.8637084960938
2018-05-14,755.5999755859375,748.0,755.0,749.7999877929688,42616.0,734.6505737304688
2018-05-15,749.1500244140625,725.25,741.0999755859375,728.5499877929688,57951.0,713.8300170898438
2018-05-16,739.7000122070312,726.0,730.6500244140625,733.8499755859375,39390.0,719.0228881835938
2018-05-17,737.4500122070312,726.0999755859375,732.0,730.0499877929688,43438.0,715.299560546875
2018-05-18,739.0,725.0,731.7999877929688,731.9000244140625,303556.0,717.1123046875
2018-05-21,735.9500122070312,725.0,725.0,735.25,58719.0,720.39453125
2018-05-22,738.0,726.0499877929688,731.5,731.9000244140625,60260.0,717.1123046875
2018-05-23,736.5,726.3499755859375,726.3499755859375,733.2000122070312,123476.0,718.385986328125
2018-05-24,752.0999755859375,730.5,730.5,749.5,160188.0,734.3566284179688
2018-05-25,750.5999755859375,734.0,744.0,748.9000244140625,100093.0,733.768798828125
2018-05-28,755.0,723.0,744.0,739.3499755859375,304865.0,724.4117431640625
2018-05-29,740.5999755859375,722.5499877929688,736.2999877929688,736.4500122070312,196068.0,721.5703735351562
2018-05-30,754.5999755859375,731.0,735.5,741.4000244140625,241201.0,726.4202880859375
2018-05-31,774.7000122070312,720.5,732.25,754.4000244140625,300052.0,739.1577758789062
2018-06-01,746.0,721.0,746.0,724.0,153948.0,709.3719482421875
2018-06-04,733.0,716.0,728.7999877929688,726.5499877929688,89448.0,711.870361328125
2018-06-05,740.0,716.2999877929688,725.0,736.2999877929688,58852.0,721.42333984375
2018-06-06,737.0,723.1500244140625,730.4500122070312,727.1500244140625,29429.0,712.4581909179688
2018-06-07,739.0,723.5499877929688,729.2999877929688,729.8499755859375,55894.0,715.1036376953125
2018-06-08,735.0,724.0,726.0,729.6500244140625,25366.0,714.9076538085938
2018-06-11,735.0,726.2999877929688,729.0,733.0499877929688,29888.0,718.239013671875
2018-06-12,735.5999755859375,729.0,729.0,730.1500244140625,31205.0,715.3976440429688
2018-06-13,734.25,721.0,731.0,724.6500244140625,988721.0,710.0087890625
2018-06-14,728.5,708.0,720.0499877929688,722.8499755859375,1047318.0,708.2451171875
2018-06-15,726.8499755859375,708.0499877929688,722.8499755859375,722.25,165408.0,707.6572265625
2018-06-18,723.0,712.0,717.0,715.9500122070312,86041.0,701.4844970703125
2018-06-19,725.8499755859375,710.0,711.0,717.5999755859375,264191.0,703.1011962890625
2018-06-20,741.9000244140625,715.0,717.5,734.7000122070312,241185.0,719.8556518554688
2018-06-21,739.0,730.0999755859375,739.0,735.0,63628.0,720.1495361328125
2018-06-22,735.0,724.2000122070312,735.0,728.5,38435.0,713.781005859375
2018-06-25,728.7999877929688,710.0,721.2000122070312,716.0499877929688,103517.0,701.5824584960938
2018-06-26,734.9500122070312,708.0,708.0,722.25,69680.0,707.6572265625
2018-06-27,724.2000122070312,706.0,720.0,710.0999755859375,25085.0,695.7527465820312
2018-06-28,710.0,690.7000122070312,708.2000122070312,696.9000244140625,94157.0,682.8193969726562
2018-06-29,711.0,683.5,692.5999755859375,696.75,106403.0,682.6724853515625
2018-07-02,711.4000244140625,688.0,693.5,707.9000244140625,193616.0,693.5972290039062
2018-07-03,726.2000122070312,689.5499877929688,705.0,720.5999755859375,53274.0,706.04052734375
2018-07-04,721.0,707.0,720.0,719.4000244140625,63088.0,707.3187866210938
2018-07-05,715.0499877929688,700.0,715.0,703.4000244140625,46243.0,691.5875244140625
2018-07-06,732.7999877929688,695.5499877929688,700.0,717.3499755859375,136471.0,705.30322265625
2018-07-09,722.2000122070312,700.0999755859375,714.0,702.1500244140625,47187.0,690.3585205078125
2018-07-10,707.4000244140625,695.1500244140625,701.5,701.8499755859375,53366.0,690.0634765625
2018-07-11,704.5999755859375,695.0,698.0,699.75,43770.0,687.998779296875
2018-07-12,715.0,697.0,697.0,711.2000122070312,56607.0,699.2564697265625
2018-07-13,744.0,707.0,707.0,718.2999877929688,294880.0,706.2372436523438
2018-07-16,723.6500244140625,705.0,722.0,715.1500244140625,36162.0,703.1401977539062
2018-07-17,753.7000122070312,706.0,711.0,738.75,320964.0,726.3438110351562
2018-07-18,759.0,731.5,736.8499755859375,750.7000122070312,489674.0,738.0931396484375
2018-07-19,779.0,743.0,743.0,763.1500244140625,1500165.0,750.3341064453125
2018-07-20,798.0,752.5499877929688,762.0,778.6500244140625,700202.0,765.57373046875
2018-07-23,797.9500122070312,765.0,765.0,783.0499877929688,655129.0,769.89990234375
2018-07-24,798.8499755859375,771.5,771.5,792.9000244140625,331356.0,779.58447265625
2018-07-25,799.0,782.0499877929688,792.5,791.5999755859375,330842.0,778.3063354492188
2018-07-26,800.0,780.0,783.0999755859375,782.25,250885.0,769.11328125
2018-07-27,788.0999755859375,780.0,784.9000244140625,781.2999877929688,71116.0,768.17919921875
2018-07-30,782.8499755859375,756.0499877929688,776.0,761.75,92235.0,748.9575805664062
2018-07-31,792.0,758.5999755859375,761.0,777.7000122070312,167653.0,764.6396484375
2018-08-01,781.9000244140625,760.0,781.9000244140625,771.9500122070312,190171.0,758.9862060546875
2018-08-02,799.0,749.0999755859375,768.0,786.7999877929688,81711.0,773.5868530273438
2018-08-03,794.0,780.0999755859375,787.0,786.25,30915.0,773.046142578125
2018-08-06,793.0999755859375,775.0999755859375,788.0,780.7999877929688,129376.0,767.6876220703125
2018-08-07,783.0,758.1500244140625,771.0,766.1500244140625,107308.0,753.28369140625
2018-08-08,777.9500122070312,763.0,765.0,770.0999755859375,147761.0,757.1672973632812
2018-08-09,785.0,773.1500244140625,780.0,779.9500122070312,114753.0,766.8519287109375
2018-08-10,795.0,776.0,776.0,790.8499755859375,200441.0,777.56884765625
2018-08-13,785.9000244140625,768.2999877929688,781.0,774.25,113838.0,761.2476196289062
2018-08-14,785.0,772.0,779.9500122070312,780.6500244140625,361138.0,767.5401000976562
2018-08-16,794.0999755859375,770.2999877929688,780.0,789.5,200207.0,776.2415161132812
2018-08-17,815.0,780.1500244140625,782.0,801.4500122070312,528688.0,787.9908447265625
2018-08-20,807.4500122070312,794.0499877929688,805.0,802.0,244382.0,788.5316162109375
2018-08-21,801.9500122070312,791.0999755859375,800.0,793.4500122070312,46796.0,780.1251831054688
2018-08-23,785.5999755859375,753.0,785.2999877929688,755.4500122070312,180248.0,742.7633666992188
2018-08-24,778.5999755859375,725.5,746.0499877929688,745.5,127932.0,732.9804077148438
2018-08-27,784.0,741.0,750.0,778.4500122070312,102730.0,765.3771362304688
2018-08-28,786.5,755.0,773.0,761.7999877929688,115049.0,749.0067138671875
2018-08-29,797.1500244140625,767.7999877929688,767.8499755859375,793.25,115631.0,779.9285278320312
2018-08-30,799.7999877929688,778.0499877929688,794.0,795.0,219997.0,781.6491088867188
2018-08-31,823.9500122070312,783.5,795.0,795.8499755859375,259691.0,782.48486328125
2018-09-03,822.0,795.25,801.7999877929688,802.3499755859375,135424.0,788.875732421875
2018-09-04,816.75,790.0,797.0,804.6500244140625,93712.0,791.1371459960938
2018-09-05,846.0,799.9500122070312,800.0,829.7000122070312,665235.0,815.7664794921875
2018-09-06,856.0,833.8499755859375,833.8499755859375,853.0499877929688,977868.0,838.7243041992188
2018-09-07,888.7999877929688,832.0499877929688,854.7000122070312,875.5,1026914.0,860.7973022460938
2018-09-10,932.4000244140625,875.5,875.5,914.1500244140625,2041503.0,898.79833984375
2018-09-11,912.0999755859375,890.2000122070312,908.9000244140625,898.7000122070312,1382106.0,883.6077270507812
2018-09-12,915.4000244140625,882.0,904.0,896.5,129734.0,881.4446411132812
2018-09-14,931.0,897.0,897.0,921.4000244140625,440605.0,905.9264526367188
2018-09-17,929.9000244140625,879.0,920.0,887.5,188808.0,872.5957641601562
2018-09-18,887.8499755859375,862.7999877929688,883.0,874.2000122070312,370166.0,859.5191040039062
2018-09-19,878.0,857.1500244140625,867.0999755859375,865.7999877929688,216730.0,851.26025390625
2018-09-21,903.0,826.5,860.0,888.7000122070312,418340.0,873.7756958007812
2018-09-24,900.0,806.0,891.0,814.1500244140625,425046.0,800.4777221679688
2018-09-25,855.0,795.0,806.3499755859375,833.0999755859375,3144085.0,819.109375
2018-09-26,868.0,829.0,835.25,857.0,588616.0,842.6079711914062
2018-09-27,862.0,836.4500122070312,847.0,844.9500122070312,962402.0,830.7603759765625
2018-09-28,853.3499755859375,801.0,844.9500122070312,808.3499755859375,1904287.0,794.77490234375
2018-10-01,810.0,751.0,800.0,788.7000122070312,448825.0,775.4550170898438
2018-10-03,814.9500122070312,638.7999877929688,782.3499755859375,748.1500244140625,602910.0,735.5859985351562
2018-10-04,779.7000122070312,738.0499877929688,738.7999877929688,777.9500122070312,863188.0,764.8854370117188
2018-10-05,785.0,760.0,775.5,770.9500122070312,222379.0,758.0029907226562
2018-10-08,775.0,755.25,771.0,759.6500244140625,309688.0,746.8928833007812
2018-10-09,765.75,695.5999755859375,765.75,734.6500244140625,629970.0,722.3126831054688
2018-10-10,789.0,736.1500244140625,739.6500244140625,780.7999877929688,340870.0,767.6876220703125
2018-10-11,798.7000122070312,747.7999877929688,756.0,776.2000122070312,737437.0,763.1649169921875
2018-10-12,782.0,771.0,782.0,779.0999755859375,647473.0,766.0160522460938
2018-10-15,784.0,761.0,777.0,780.3499755859375,85367.0,767.2451782226562
2018-10-16,792.3499755859375,771.0,785.0,786.1500244140625,259641.0,772.94775390625
2018-10-17,806.9500122070312,780.8499755859375,795.0,793.9000244140625,944382.0,780.567626953125
2018-10-19,819.5999755859375,782.2999877929688,785.0,809.0999755859375,215030.0,795.5123291015625
2018-10-22,815.0,757.25,815.0,805.25,331754.0,791.72705078125
2018-10-23,794.0,783.0999755859375,786.0,791.2000122070312,98698.0,777.9129638671875
2018-10-24,807.0,781.0999755859375,790.0,793.5,107421.0,780.17431640625
2018-10-25,805.0,785.0999755859375,794.0,798.9500122070312,492046.0,785.5328979492188
2018-10-26,806.9500122070312,790.4000244140625,795.0,800.5499877929688,160048.0,787.1060180664062
2018-10-29,808.4500122070312,786.0,800.0,800.3499755859375,527353.0,789.3744506835938
2018-10-30,807.2000122070312,786.6500244140625,795.0,800.5499877929688,276803.0,789.5717163085938
2018-10-31,808.9000244140625,792.0499877929688,792.0499877929688,805.4500122070312,155284.0,794.4044799804688
2018-11-01,862.0,806.0,806.0,850.75,538171.0,839.083251953125
2018-11-02,864.75,832.0,854.7999877929688,839.5,127934.0,827.9874877929688
2018-11-05,858.0,827.0999755859375,840.0,846.0499877929688,59396.0,834.4476928710938
2018-11-06,865.0,845.0,858.0,849.1500244140625,37092.0,837.5051879882812
2018-11-07,864.4500122070312,822.25,852.0,850.25,25250.0,838.5901489257812
2018-11-09,860.0999755859375,837.4000244140625,850.0999755859375,848.0499877929688,139624.0,836.4203491210938
2018-11-12,856.0,818.7000122070312,845.7999877929688,827.0499877929688,76593.0,815.708251953125
2018-11-13,833.9500122070312,803.0999755859375,833.9500122070312,811.25,221908.0,800.1249389648438
2018-11-14,832.0,810.4500122070312,816.0,828.1500244140625,232907.0,816.793212890625
2018-11-15,830.0,818.5999755859375,829.9500122070312,829.1500244140625,104076.0,817.7794189453125
2018-11-16,830.0,811.0,821.0,822.5999755859375,113554.0,811.3192749023438
2018-11-19,844.7000122070312,815.0499877929688,815.0499877929688,835.7000122070312,101893.0,824.2396240234375
2018-11-20,839.75,822.0499877929688,836.0,828.5,80221.0,817.1383666992188
2018-11-21,839.5999755859375,812.2999877929688,839.5999755859375,816.9500122070312,47397.0,805.7467651367188
2018-11-22,825.9500122070312,801.2000122070312,825.9500122070312,806.9500122070312,171376.0,795.8839721679688
2018-11-26,814.9500122070312,792.0499877929688,810.0,807.8499755859375,315814.0,796.7715454101562
2018-11-27,808.4500122070312,785.0,801.0,795.25,134560.0,784.3443603515625
2018-11-28,798.8499755859375,786.2000122070312,790.0999755859375,795.0499877929688,68521.0,784.1470336914062
2018-11-29,810.0,794.5499877929688,804.5,801.4500122070312,291937.0,790.4593505859375
2018-11-30,840.0,812.9000244140625,812.9000244140625,833.7999877929688,311868.0,822.36572265625
2018-12-03,878.0,802.0999755859375,826.2000122070312,858.2999877929688,267328.0,846.5296630859375
2018-12-04,901.4000244140625,850.5,857.0999755859375,886.5999755859375,608195.0,874.441650390625
2018-12-05,899.7000122070312,871.2999877929688,877.0,890.5499877929688,297123.0,878.3374633789062
2018-12-06,911.9000244140625,880.0,880.0499877929688,902.1500244140625,471755.0,889.7783813476562
2018-12-07,903.0,870.0999755859375,896.25,881.0499877929688,140792.0,868.9678344726562
2018-12-10,870.0,846.7000122070312,853.2000122070312,858.4000244140625,172718.0,846.6283569335938
2018-12-11,899.0,830.75,832.6500244140625,895.4000244140625,250592.0,883.1209716796875
2018-12-12,927.0,888.2000122070312,890.0,919.75,504183.0,907.136962890625
2018-12-13,925.0,882.0,910.0499877929688,887.9000244140625,335725.0,875.7238159179688
2018-12-14,915.0,888.0,892.7000122070312,907.5,208631.0,895.0550537109375
2018-12-17,913.1500244140625,886.0,886.0,897.2000122070312,164735.0,884.8961791992188
2018-12-18,925.0,890.4500122070312,900.0,913.4500122070312,263642.0,900.9234619140625
2018-12-19,912.5499877929688,861.0999755859375,900.0,870.0,325180.0,858.0692749023438
2018-12-20,882.0,835.3499755859375,875.0,865.75,445318.0,853.8775634765625
2018-12-21,876.7999877929688,842.5499877929688,872.0,862.2000122070312,1596043.0,850.3762817382812
2018-12-24,862.0,830.5499877929688,862.0,838.75,506672.0,827.247802734375
2018-12-26,842.7000122070312,811.3499755859375,838.0,828.25,160655.0,816.891845703125
2018-12-27,898.9000244140625,827.9500122070312,845.0,875.3499755859375,390858.0,863.3458862304688
2018-12-28,865.0,844.9500122070312,865.0,850.6500244140625,209968.0,838.9845581054688
2018-12-31,868.8499755859375,844.0,853.5499877929688,864.4500122070312,331390.0,852.5953979492188
2019-01-01,878.9500122070312,854.0,854.0,873.25,100438.0,861.2747192382812
2019-01-02,884.5,860.0,870.0,875.4500122070312,170450.0,863.4445190429688
2019-01-03,884.0,860.0,875.0,868.2000122070312,124566.0,856.2938842773438
2019-01-04,874.0,850.5,862.0999755859375,866.9000244140625,234451.0,855.0118408203125
2019-01-07,886.9500122070312,860.0,868.0,865.4500122070312,116260.0,853.5816650390625
2019-01-08,877.9000244140625,861.0,869.0,864.2000122070312,162872.0,852.348876953125
2019-01-09,872.5,856.0,865.0,864.2000122070312,205960.0,852.348876953125
2019-01-10,893.0,861.0,861.0,890.4000244140625,635230.0,878.1896362304688
2019-01-11,898.0,880.0,890.0,885.0,243399.0,872.8636474609375
2019-01-14,883.2000122070312,857.0499877929688,879.0,862.3499755859375,194925.0,850.5241088867188
2019-01-15,879.0,868.0,879.0,871.6500244140625,152253.0,859.6967163085938
2019-01-16,873.0,853.5999755859375,862.25,860.2999877929688,147195.0,848.5022583007812
2019-01-17,880.0,857.6500244140625,858.0,875.9000244140625,239981.0,863.8883666992188
2019-01-18,879.9000244140625,859.2999877929688,875.0,861.4000244140625,279353.0,849.5872802734375
2019-01-21,866.3499755859375,845.0,862.0,850.9500122070312,208776.0,839.280517578125
2019-01-22,858.3499755859375,842.9000244140625,852.9500122070312,847.6500244140625,207436.0,836.0257568359375
2019-01-23,858.0,824.1500244140625,846.0,832.25,88430.0,820.8370361328125
2019-01-24,854.75,828.5999755859375,835.0,848.4000244140625,80295.0,836.7654418945312
2019-01-25,868.0,848.9000244140625,856.0,855.4500122070312,482398.0,843.7188110351562
2019-01-28,849.75,806.9500122070312,848.2000122070312,817.8499755859375,209562.0,806.6344604492188
2019-01-29,845.0,814.0499877929688,817.8499755859375,831.7000122070312,214611.0,820.2945556640625
2019-01-30,865.0,826.5499877929688,830.0,855.7999877929688,150045.0,844.0640258789062
2019-01-31,902.0,842.0,850.0999755859375,880.25,282225.0,868.1787109375
2019-02-01,891.0,865.5,875.0,880.0999755859375,120799.0,868.0308227539062
2019-02-04,893.9500122070312,864.1500244140625,872.0499877929688,883.5999755859375,131064.0,871.4827880859375
2019-02-05,895.0,874.7000122070312,883.0,884.5999755859375,96369.0,872.468994140625
2019-02-06,907.9000244140625,872.1500244140625,872.1500244140625,899.0499877929688,384830.0,886.720947265625
2019-02-07,909.0,880.0,893.0,888.9500122070312,344093.0,876.7594604492188
2019-02-08,894.9500122070312,879.4000244140625,885.0999755859375,881.9500122070312,121279.0,869.8554077148438
2019-02-11,887.0,850.75,867.0,857.7999877929688,324646.0,846.0364990234375
2019-02-12,889.0,856.0,856.0,883.4000244140625,162584.0,871.2855834960938
2019-02-14,914.9500122070312,891.0499877929688,895.0999755859375,910.25,336485.0,897.7673950195312
2019-02-15,915.0,892.1500244140625,908.0,911.1500244140625,154876.0,898.6549682617188
2019-02-18,914.9000244140625,898.5,900.0499877929688,901.7000122070312,56141.0,889.3345336914062
2019-02-19,924.0,896.0,900.0,916.5499877929688,348234.0,903.9808959960938
2019-02-20,923.7999877929688,897.0,906.5,906.0,430775.0,893.5756225585938
2019-02-21,930.0,905.5499877929688,910.0,925.75,158878.0,913.0546875
2019-02-22,936.0,916.25,925.0,931.0999755859375,449760.0,918.3314208984375
2019-02-25,940.0,900.0,921.0,915.3499755859375,379072.0,902.79736328125
2019-02-26,927.7999877929688,895.0499877929688,900.0,901.5499877929688,321165.0,889.1866455078125
2019-02-27,923.0,903.4000244140625,905.0,910.0999755859375,174892.0,897.6193237304688
2019-02-28,936.0,912.0,912.0,931.1500244140625,307215.0,918.3806762695312
2019-03-01,957.0,931.5499877929688,931.5499877929688,950.25,397200.0,937.2188110351562
2019-03-05,1014.7999877929688,953.0,953.0,970.5999755859375,1116494.0,957.2897338867188
2019-03-06,983.9500122070312,962.0499877929688,972.7000122070312,969.0999755859375,394493.0,955.810302734375
2019-03-07,979.0,946.0,977.0,951.6500244140625,330109.0,938.5996704101562
2019-03-08,985.0,951.5999755859375,955.0,977.9500122070312,236708.0,964.5388793945312
2019-03-11,998.0,973.0,980.0,979.6500244140625,457485.0,966.2156372070312
2019-03-12,996.9000244140625,973.0499877929688,987.0,983.0,317152.0,969.5196533203125
2019-03-13,985.9500122070312,952.0,985.9500122070312,969.9000244140625,184391.0,956.599365234375
2019-03-14,980.0,941.8499755859375,975.0,947.1500244140625,136754.0,934.1613159179688
2019-03-15,983.9500122070312,937.4000244140625,937.4000244140625,967.9500122070312,458722.0,954.6761474609375
2019-03-18,985.0,968.0,968.0,974.6500244140625,195847.0,961.2841796875
2019-03-19,992.0,970.0,989.0,974.7999877929688,152692.0,961.43212890625
2019-03-20,986.9000244140625,970.25,975.0,979.8499755859375,82804.0,966.412841796875
2019-03-22,1004.0,973.8499755859375,984.0,999.9500122070312,414077.0,986.2372436523438
2019-03-25,1000.0,976.5499877929688,999.7000122070312,992.7999877929688,216173.0,979.1852416992188
2019-03-26,1036.949951171875,988.0,1005.0,1013.25,430639.0,999.3547973632812
2019-03-27,1021.4000244140625,983.0,1019.5499877929688,990.1500244140625,353131.0,976.5715942382812
2019-03-28,1011.0,990.0,997.4000244140625,1005.2999877929688,386507.0,991.5138549804688
2019-04-01,1045.0,1008.0,1045.0,1015.2999877929688,273501.0,1001.376708984375
2019-04-02,1039.5999755859375,998.0,1016.0,1000.2999877929688,633909.0,986.5823974609375
2019-04-03,1034.0,999.7999877929688,1001.0499877929688,1009.4500122070312,447490.0,995.6068725585938
2019-04-04,1019.8499755859375,994.4500122070312,1015.0,1009.6500244140625,285686.0,995.80419921875
2019-04-05,1044.0,1008.7000122070312,1015.0,1036.0,476665.0,1021.7927856445312
2019-04-08,1063.0,1006.0,1006.0,1049.0999755859375,515498.0,1034.7132568359375
2019-04-09,1079.0,1035.6500244140625,1042.199951171875,1070.25,518122.0,1055.5731201171875
2019-04-10,1097.0,1065.050048828125,1069.699951171875,1089.3499755859375,406736.0,1074.4112548828125
2019-04-11,1110.5,1060.0,1093.0,1084.0999755859375,861651.0,1069.2332763671875
2019-04-12,1112.449951171875,1070.699951171875,1078.050048828125,1096.300048828125,625577.0,1081.26611328125
2019-04-15,1110.0,1072.199951171875,1110.0,1075.6500244140625,270053.0,1060.89892578125
2019-04-16,1093.4000244140625,1063.0,1085.25,1083.1500244140625,301327.0,1068.2962646484375
2019-04-18,1100.0,1070.4000244140625,1089.0,1095.449951171875,413555.0,1080.4273681640625
2019-04-22,1089.949951171875,1037.050048828125,1085.0,1066.4000244140625,473385.0,1051.7760009765625
2019-04-23,1079.5999755859375,1061.0,1079.5999755859375,1069.0,322929.0,1054.3402099609375
2019-04-24,1082.3499755859375,1065.3499755859375,1071.0,1070.449951171875,613631.0,1055.770263671875
2019-04-25,1090.0,1065.0,1078.9000244140625,1075.9000244140625,229248.0,1061.145751953125
2019-04-26,1095.0,1066.199951171875,1066.199951171875,1089.1500244140625,575343.0,1074.2139892578125
2019-04-30,1100.199951171875,1079.5999755859375,1083.0999755859375,1093.3499755859375,594015.0,1078.3563232421875
2019-05-02,1115.800048828125,1081.1500244140625,1093.0,1104.199951171875,687532.0,1089.0574951171875
2019-05-03,1119.0,1082.050048828125,1106.0,1088.25,344865.0,1073.3262939453125
2019-05-06,1094.75,1036.0,1074.0,1058.8499755859375,282400.0,1044.3294677734375
2019-05-07,1067.3499755859375,1051.300048828125,1060.5,1056.8499755859375,205161.0,1042.356689453125
2019-05-08,1075.0,1046.199951171875,1056.0,1059.3499755859375,1017198.0,1044.822509765625
2019-05-09,1094.0,1063.699951171875,1065.449951171875,1090.8499755859375,615068.0,1075.8907470703125
2019-05-10,1099.0,1070.0,1090.0,1085.199951171875,264743.0,1070.318115234375
2019-05-13,1118.4000244140625,1010.0,1090.0,1077.25,604550.0,1062.4771728515625
2019-05-14,1098.0,1043.0,1075.5,1065.3499755859375,790715.0,1050.7403564453125
2019-05-15,1100.0,1066.300048828125,1066.300048828125,1089.3499755859375,949912.0,1074.4112548828125
2019-05-16,1097.8499755859375,1085.8499755859375,1096.1500244140625,1091.3499755859375,598187.0,1076.3837890625
2019-05-17,1126.0,1088.0,1097.0,1120.0,768270.0,1104.640869140625
2019-05-20,1174.0,1130.0,1131.0,1144.050048828125,1976308.0,1128.3612060546875
2019-05-21,1158.1500244140625,1130.6500244140625,1150.0,1147.25,1254899.0,1131.5172119140625
2019-05-22,1155.0,1130.0,1149.0,1135.550048828125,623349.0,1119.977783203125
2019-05-23,1158.800048828125,1090.6500244140625,1150.0,1133.199951171875,792641.0,1117.6597900390625
2019-05-24,1146.0,1101.0,1101.0,1130.5,447198.0,1114.996826171875
2019-05-27,1149.800048828125,1105.0,1136.800048828125,1117.4000244140625,619017.0,1102.0765380859375
2019-05-28,1283.4000244140625,1092.6500244140625,1128.0,1154.9000244140625,18101858.0,1139.062255859375
2019-05-29,1197.0,1125.25,1162.0,1136.5999755859375,581899.0,1121.01318359375
2019-05-30,1154.550048828125,1140.0,1145.699951171875,1146.75,443801.0,1131.0240478515625
2019-05-31,1197.0,1147.0999755859375,1150.0,1176.5,727432.0,1160.3662109375
2019-06-03,1244.0,1176.0,1183.8499755859375,1220.5,587792.0,1203.7626953125
2019-06-04,1250.0,1212.4000244140625,1224.800048828125,1243.8499755859375,654990.0,1226.79248046875
2019-06-06,1264.800048828125,1167.25,1240.949951171875,1172.800048828125,1077181.0,1156.716796875
2019-06-07,1210.0,1175.0,1180.5,1191.699951171875,442931.0,1175.357666015625
2019-06-10,1236.800048828125,1181.0,1199.0999755859375,1189.5999755859375,982236.0,1173.2864990234375
2019-06-11,1199.0,1137.300048828125,1195.0,1149.199951171875,811509.0,1133.4403076171875
2019-06-12,1149.0,1103.0,1144.0,1128.050048828125,1160951.0,1112.58056640625
2019-06-13,1170.0,1100.949951171875,1124.9000244140625,1153.300048828125,410908.0,1137.484375
2019-06-14,1175.0,1156.0,1160.5,1164.300048828125,206067.0,1148.33349609375
2019-06-17,1163.0,1137.5,1163.0,1150.5999755859375,101295.0,1134.8212890625
2019-06-18,1174.0,1127.0,1150.0,1133.050048828125,303289.0,1117.511962890625
2019-06-19,1170.0,1117.5,1130.25,1151.75,196281.0,1139.4752197265625
2019-06-20,1165.0,1122.0,1151.0,1163.0,293053.0,1150.6055908203125
2019-06-21,1196.0,1139.0,1152.0,1155.550048828125,467493.0,1143.23486328125
2019-06-24,1184.0,1142.0,1155.9000244140625,1175.6500244140625,169951.0,1163.12060546875
2019-06-25,1185.0,1081.0999755859375,1185.0,1102.0,19066644.0,1090.2554931640625
2019-06-26,1126.0,1092.4000244140625,1103.8499755859375,1117.5,1077289.0,1105.5904541015625
2019-06-27,1124.9000244140625,1108.5,1121.0,1120.699951171875,395663.0,1108.7562255859375
2019-06-28,1125.0,1105.1500244140625,1124.050048828125,1112.550048828125,354333.0,1100.6932373046875
2019-07-01,1117.949951171875,1094.449951171875,1116.6500244140625,1103.550048828125,290926.0,1091.7890625
2019-07-02,1114.9000244140625,1099.0,1108.8499755859375,1111.300048828125,194651.0,1099.45654296875
2019-07-03,1120.0999755859375,1105.300048828125,1113.0,1118.800048828125,339472.0,1106.8765869140625
2019-07-04,1126.6500244140625,1112.0,1115.25,1123.800048828125,520416.0,1111.8233642578125
2019-07-05,1126.0,1102.0,1125.25,1105.5999755859375,224531.0,1093.817138671875
2019-07-08,1104.6500244140625,1066.0999755859375,1103.25,1068.949951171875,639539.0,1057.5577392578125
2019-07-09,1081.0,1061.199951171875,1070.0,1075.449951171875,344068.0,1063.9884033203125
2019-07-10,1078.949951171875,1054.0,1069.0,1058.800048828125,329278.0,1047.5159912109375
2019-07-11,1066.949951171875,1011.1500244140625,1050.0,1057.0,511652.0,1045.7352294921875
2019-07-12,1083.300048828125,1051.0,1061.800048828125,1063.9000244140625,335911.0,1052.5616455078125
2019-07-15,1091.9000244140625,1058.5999755859375,1063.800048828125,1076.3499755859375,348491.0,1064.8790283203125
2019-07-16,1080.75,1045.800048828125,1080.0,1065.6500244140625,362760.0,1054.2928466796875
2019-07-17,1073.949951171875,1049.0999755859375,1060.0999755859375,1051.8499755859375,191136.0,1040.64013671875
2019-07-18,1099.0,1027.050048828125,1043.0,1090.199951171875,502484.0,1078.5811767578125
2019-07-19,1109.9000244140625,1061.0,1104.0,1088.050048828125,383482.0,1076.454345703125
2019-07-22,1082.3499755859375,1046.050048828125,1082.300048828125,1054.8499755859375,389659.0,1043.60791015625
2019-07-23,1079.0,1042.0,1058.0,1075.449951171875,389820.0,1063.9884033203125
2019-07-24,1085.0,1063.0999755859375,1082.1500244140625,1076.800048828125,522052.0,1065.3243408203125
2019-07-25,1108.9000244140625,1065.5,1085.0,1098.1500244140625,703044.0,1086.4466552734375
2019-07-26,1150.0,1090.0,1098.1500244140625,1140.800048828125,603417.0,1128.64208984375
2019-07-29,1178.8499755859375,1137.199951171875,1144.0,1174.0,499684.0,1161.48828125
2019-07-30,1177.9000244140625,1140.0,1170.0,1157.25,133493.0,1144.916748046875
2019-07-31,1224.0,1106.5,1150.0,1207.3499755859375,559526.0,1194.4827880859375
2019-08-01,1224.0,1136.300048828125,1191.050048828125,1151.449951171875,242000.0,1139.1785888671875
2019-08-02,1190.0,1125.050048828125,1136.199951171875,1168.4000244140625,399425.0,1155.9478759765625
2019-08-05,1182.0,1116.199951171875,1168.199951171875,1151.6500244140625,425749.0,1139.37646484375
2019-08-06,1173.0,1143.25,1158.75,1165.1500244140625,449574.0,1152.7325439453125
2019-08-07,1212.0999755859375,1155.0999755859375,1174.0,1168.449951171875,558271.0,1155.997314453125
2019-08-08,1205.0,1171.0,1171.0,1200.199951171875,471117.0,1187.408935546875
2019-08-09,1214.3499755859375,1137.5,1208.0,1153.9000244140625,406403.0,1141.6025390625
2019-08-13,1190.550048828125,1140.300048828125,1154.0,1153.0999755859375,341774.0,1140.810791015625
2019-08-14,1175.0,1135.0,1158.0,1143.699951171875,216580.0,1131.510986328125
2019-08-16,1173.5999755859375,1132.0999755859375,1150.0,1167.3499755859375,426047.0,1154.9090576171875
2019-08-19,1188.800048828125,1150.0,1160.050048828125,1161.5999755859375,290014.0,1149.220458984375
2019-08-20,1164.800048828125,1132.0999755859375,1158.0,1137.3499755859375,222075.0,1125.228759765625
2019-08-21,1149.0,1127.0,1140.050048828125,1134.3499755859375,104014.0,1122.2607421875
2019-08-22,1148.699951171875,1120.25,1125.25,1139.449951171875,232069.0,1127.306396484375
2019-08-23,1194.4000244140625,1126.550048828125,1141.949951171875,1179.9000244140625,847309.0,1167.3253173828125
2019-08-26,1209.0,1185.0,1187.949951171875,1206.199951171875,618807.0,1193.344970703125
2019-08-27,1224.050048828125,1197.949951171875,1210.0,1214.699951171875,353360.0,1201.7545166015625
2019-08-28,1255.0,1215.0,1222.0,1249.8499755859375,664325.0,1236.52978515625
2019-08-29,1253.0,1225.0,1250.0,1237.0999755859375,144167.0,1223.9156494140625
2019-08-30,1260.0,1237.3499755859375,1239.0,1257.800048828125,536311.0,1244.3951416015625
2019-09-03,1284.550048828125,1165.5,1250.0,1189.949951171875,954800.0,1177.2681884765625
2019-09-04,1165.0,1125.6500244140625,1165.0,1145.449951171875,849780.0,1133.242431640625
2019-09-05,1184.0,1151.0,1154.0,1173.199951171875,530553.0,1160.6966552734375
2019-09-06,1205.0,1180.5,1180.5,1196.1500244140625,435484.0,1183.4022216796875
2019-09-09,1203.8499755859375,1166.1500244140625,1200.0,1178.4000244140625,251219.0,1165.841552734375
2019-09-11,1148.9000244140625,1120.0,1140.0,1129.199951171875,18880363.0,1117.16552734375
2019-09-12,1148.4000244140625,1134.3499755859375,1135.3499755859375,1139.0,697819.0,1126.861328125
2019-09-13,1147.0,1128.3499755859375,1147.0,1135.3499755859375,332690.0,1123.25
2019-09-16,1139.0,1101.0,1133.5,1129.1500244140625,546793.0,1117.1162109375
2019-09-17,1141.5999755859375,1125.0,1129.0,1133.25,300088.0,1121.172607421875
2019-09-18,1159.0,1132.25,1136.300048828125,1154.8499755859375,421923.0,1142.5423583984375
2019-09-19,1177.050048828125,1136.9000244140625,1154.949951171875,1173.050048828125,368182.0,1160.5484619140625
2019-09-20,1249.699951171875,1141.050048828125,1175.800048828125,1235.9000244140625,1338571.0,1222.7286376953125
2019-09-23,1270.0,1192.0,1253.0,1224.9000244140625,923292.0,1211.8458251953125
2019-09-24,1248.9000244140625,1188.0,1228.800048828125,1222.4000244140625,889536.0,1209.37255859375
2019-09-25,1227.5,1167.9000244140625,1226.0,1172.300048828125,596850.0,1159.8062744140625
2019-09-26,1233.0,1140.0,1140.0,1192.3499755859375,3596764.0,1179.642578125
2019-09-27,1219.0,1191.0,1200.0,1203.75,497580.0,1190.9212646484375
2019-09-30,1214.300048828125,1187.0,1209.0,1209.8499755859375,656971.0,1196.9561767578125
2019-10-01,1218.300048828125,1186.199951171875,1210.0,1203.199951171875,392433.0,1190.376953125
2019-10-03,1204.5,1170.300048828125,1199.6500244140625,1193.699951171875,216338.0,1180.9783935546875
2019-10-04,1202.800048828125,1176.0,1195.5,1179.5999755859375,372478.0,1167.0284423828125
2019-10-07,1184.5999755859375,1156.0,1180.0,1159.1500244140625,208728.0,1146.7965087890625
2019-10-09,1173.5,1146.3499755859375,1157.0,1165.9000244140625,546424.0,1153.474609375
2019-10-10,1200.0,1165.9000244140625,1165.9000244140625,1193.3499755859375,249137.0,1180.6319580078125
2019-10-11,1220.0,1185.050048828125,1199.9000244140625,1206.8499755859375,393916.0,1193.9881591796875
2019-10-14,1244.0,1208.75,1214.4000244140625,1241.25,480194.0,1228.021484375
2019-10-15,1270.0,1245.5,1245.5,1265.9000244140625,520386.0,1252.408935546875
2019-10-16,1247.9000244140625,1175.0999755859375,1240.0,1207.25,29006294.0,1194.3837890625
2019-10-17,1249.0,1208.5,1208.9000244140625,1244.949951171875,1516873.0,1231.68212890625
2019-10-18,1264.4000244140625,1231.0,1252.0,1244.050048828125,696248.0,1230.7918701171875
2019-10-22,1306.3499755859375,1237.0,1237.0,1294.800048828125,2328823.0,1281.0009765625
2019-10-23,1335.75,1293.0,1298.0,1311.800048828125,1207126.0,1297.8197021484375
2019-10-24,1350.0,1319.449951171875,1322.9000244140625,1343.300048828125,843328.0,1328.9840087890625
2019-10-25,1364.9000244140625,1311.0999755859375,1349.9000244140625,1329.25,464205.0,1315.083740234375
2019-10-27,1370.0,1339.0,1340.050048828125,1361.8499755859375,134665.0,1347.3363037109375
2019-10-29,1369.0,1331.75,1367.0,1351.3499755859375,614276.0,1336.9481201171875
2019-10-30,1399.0,1355.0,1371.0,1367.0,685256.0,1352.431396484375
2019-10-31,1379.3499755859375,1331.6500244140625,1370.0,1342.800048828125,568262.0,1331.8994140625
2019-11-01,1351.9000244140625,1316.4000244140625,1343.0,1343.3499755859375,330121.0,1332.4449462890625
2019-11-04,1339.9000244140625,1311.0,1333.0,1322.75,355312.0,1312.01220703125
2019-11-05,1345.449951171875,1290.0,1330.0,1305.3499755859375,506519.0,1294.75341796875
2019-11-06,1318.550048828125,1282.5,1312.0,1290.3499755859375,289836.0,1279.875244140625
2019-11-07,1334.5999755859375,1293.050048828125,1298.4000244140625,1319.5999755859375,551972.0,1308.8876953125
2019-11-08,1334.0,1310.0,1320.5,1320.449951171875,627350.0,1309.7308349609375
2019-11-11,1348.0,1320.0,1320.0,1338.800048828125,523849.0,1327.931884765625
2019-11-13,1369.0,1342.949951171875,1345.199951171875,1365.5,602252.0,1354.4151611328125
2019-11-14,1379.8499755859375,1357.0,1371.0,1373.550048828125,455000.0,1362.39990234375
2019-11-15,1394.0,1370.0999755859375,1380.0,1379.6500244140625,385802.0,1368.4503173828125
2019-11-18,1399.75,1345.050048828125,1381.0,1353.25,444173.0,1342.2646484375
2019-11-19,1359.300048828125,1335.0999755859375,1355.550048828125,1340.25,391226.0,1329.3701171875
2019-11-20,1370.0,1335.5999755859375,1348.699951171875,1357.0,969878.0,1345.984130859375
2019-11-21,1380.0,1335.0999755859375,1350.5,1374.0999755859375,662162.0,1362.9451904296875
2019-11-22,1384.0,1331.0,1374.550048828125,1357.449951171875,669749.0,1346.430419921875
2019-11-25,1371.699951171875,1342.0,1365.0,1360.800048828125,532638.0,1349.75341796875
2019-11-26,1378.4000244140625,1329.0,1368.0,1348.0999755859375,4842128.0,1337.1563720703125
2019-11-27,1355.699951171875,1334.0,1344.5999755859375,1337.5,382873.0,1326.6424560546875
2019-11-28,1351.199951171875,1334.9000244140625,1335.0,1339.0999755859375,345329.0,1328.2294921875
2019-11-29,1374.3499755859375,1335.0,1339.0,1362.9000244140625,597366.0,1351.8363037109375
2019-12-02,1396.0999755859375,1345.5,1360.0,1370.5,861556.0,1359.3746337890625
2019-12-03,1398.0,1358.0,1379.0,1387.4000244140625,713091.0,1376.137451171875
2019-12-04,1380.0,1356.0,1378.0,1363.800048828125,731578.0,1352.72900390625
2019-12-05,1384.9000244140625,1360.0999755859375,1366.0,1366.199951171875,423486.0,1355.109375
2019-12-06,1378.800048828125,1352.25,1374.699951171875,1361.050048828125,447666.0,1350.0013427734375
2019-12-09,1379.0,1342.0,1359.550048828125,1371.1500244140625,334949.0,1360.0194091796875
2019-12-10,1385.0,1337.050048828125,1366.0,1349.5,381832.0,1338.5450439453125
2019-12-11,1354.9000244140625,1315.9000244140625,1342.0,1339.449951171875,396630.0,1328.57666015625
2019-12-12,1356.5,1322.4000244140625,1345.0,1337.199951171875,457551.0,1326.3448486328125
2019-12-13,1366.0,1338.0,1338.25,1349.9000244140625,441649.0,1338.9417724609375
2019-12-16,1355.0,1336.0,1351.9000244140625,1348.25,202222.0,1337.3052978515625
2019-12-17,1363.5,1340.75,1352.0,1347.75,294983.0,1336.809326171875
2019-12-18,1350.9000244140625,1334.449951171875,1345.0999755859375,1341.949951171875,265905.0,1331.0562744140625
2019-12-19,1378.449951171875,1338.0,1350.0,1364.0,481317.0,1352.9273681640625
2019-12-20,1422.0,1364.0,1369.8499755859375,1409.9000244140625,799144.0,1398.4547119140625
2019-12-23,1420.0,1396.300048828125,1419.8499755859375,1409.5,388352.0,1398.057861328125
2019-12-24,1435.0,1402.0,1408.0,1431.9000244140625,233151.0,1420.276123046875
2019-12-26,1440.4000244140625,1410.550048828125,1430.0,1424.199951171875,364016.0,1412.638671875
2019-12-27,1424.0,1399.0,1424.0,1411.1500244140625,814961.0,1399.6947021484375
2019-12-30,1434.9000244140625,1381.9000244140625,1418.199951171875,1386.75,518158.0,1375.49267578125
2019-12-31,1409.9000244140625,1380.0,1385.0,1386.800048828125,216620.0,1375.5423583984375
2020-01-01,1398.4000244140625,1381.5999755859375,1389.300048828125,1385.449951171875,104012.0,1374.2032470703125
2020-01-02,1389.949951171875,1352.0,1380.0,1360.699951171875,310211.0,1349.654052734375
2020-01-03,1397.800048828125,1360.699951171875,1364.0,1388.0,577617.0,1376.732421875
2020-01-06,1392.0,1366.0,1383.800048828125,1385.5999755859375,269777.0,1374.3519287109375
2020-01-07,1400.449951171875,1380.0,1385.0,1389.800048828125,282751.0,1378.51806640625
2020-01-08,1396.0,1375.0,1379.0,1391.550048828125,215586.0,1380.2537841796875
2020-01-09,1400.5,1373.0,1396.0,1380.550048828125,214666.0,1369.343017578125
2020-01-10,1396.0999755859375,1369.699951171875,1382.9000244140625,1374.800048828125,246516.0,1363.6397705078125
2020-01-13,1382.0,1352.0,1378.300048828125,1353.75,230062.0,1342.7606201171875
2020-01-14,1378.0,1357.050048828125,1359.0,1369.449951171875,425319.0,1358.3330078125
2020-01-15,1375.050048828125,1347.6500244140625,1374.0,1359.5,407094.0,1348.4639892578125
2020-01-16,1424.75,1365.0,1367.0,1414.5999755859375,982078.0,1403.1165771484375
2020-01-17,1435.1500244140625,1396.0,1415.0,1412.5,570066.0,1401.03369140625
2020-01-20,1427.5,1350.0,1412.5,1354.75,508235.0,1343.75244140625
2020-01-21,1369.0,1323.0,1357.6500244140625,1329.949951171875,484563.0,1319.1536865234375
2020-01-22,1342.9000244140625,1308.3499755859375,1325.0,1313.5999755859375,528752.0,1302.9364013671875
2020-01-23,1350.75,1304.050048828125,1320.0,1332.800048828125,431309.0,1321.980712890625
2020-01-24,1356.0,1320.0,1336.0,1350.3499755859375,282051.0,1339.3880615234375
2020-01-27,1362.949951171875,1330.75,1348.4000244140625,1338.800048828125,235959.0,1327.931884765625
2020-01-28,1357.5,1324.0,1343.949951171875,1337.3499755859375,233417.0,1326.49365234375
2020-01-29,1348.449951171875,1322.0,1339.800048828125,1323.8499755859375,261939.0,1313.103271484375
2020-01-30,1340.9000244140625,1308.199951171875,1327.9000244140625,1327.949951171875,198507.0,1317.169921875
2020-01-31,1340.0,1316.0,1320.25,1318.4000244140625,201621.0,1307.6976318359375
2020-02-03,1336.75,1275.300048828125,1285.0,1300.6500244140625,391873.0,1290.0916748046875
2020-02-04,1327.5,1288.0,1301.550048828125,1314.300048828125,543400.0,1303.630859375
2020-02-05,1348.199951171875,1311.0,1326.0,1336.300048828125,426619.0,1325.4522705078125
2020-02-06,1380.0,1340.0,1340.5,1377.6500244140625,442363.0,1366.466552734375
2020-02-07,1398.0,1365.0,1381.0,1381.699951171875,232059.0,1370.4835205078125
2020-02-10,1390.0,1366.0,1382.0,1377.25,129381.0,1366.06982421875
2020-02-11,1387.0,1355.199951171875,1384.9000244140625,1368.5,285909.0,1357.3907470703125
2020-02-12,1374.0,1325.5,1374.0,1351.25,378484.0,1340.28076171875
2020-02-13,1360.0,1325.0,1325.0,1347.3499755859375,573718.0,1336.4124755859375
2020-02-14,1356.0,1340.0,1347.3499755859375,1353.5999755859375,155666.0,1342.6116943359375
2020-02-17,1356.0,1331.25,1353.5999755859375,1338.6500244140625,187423.0,1327.783203125
2020-02-18,1345.0,1326.050048828125,1339.0,1339.4000244140625,202026.0,1328.527099609375
2020-02-19,1367.0,1340.0,1340.0,1355.550048828125,156721.0,1344.5458984375
2020-02-20,1366.6500244140625,1340.0,1356.300048828125,1345.449951171875,138284.0,1334.52783203125
2020-02-24,1350.949951171875,1282.8499755859375,1346.0,1305.0999755859375,276331.0,1294.5054931640625
2020-02-25,1328.0,1275.0999755859375,1328.0,1286.9000244140625,636341.0,1276.4532470703125
2020-02-26,1292.699951171875,1214.0,1281.800048828125,1235.449951171875,562415.0,1225.4207763671875
2020-02-27,1277.0,1215.0,1220.0,1250.75,574555.0,1240.5968017578125
2020-02-28,1275.0,1192.3499755859375,1235.0,1236.6500244140625,756201.0,1226.6112060546875
2020-03-02,1271.949951171875,1129.949951171875,1237.0999755859375,1199.0999755859375,436775.0,1189.365966796875
2020-03-03,1238.0,1198.0,1199.0,1210.949951171875,384410.0,1201.1197509765625
2020-03-04,1239.699951171875,1205.300048828125,1235.0,1214.5,599176.0,1204.6409912109375
2020-03-05,1279.800048828125,1212.050048828125,1222.0,1262.75,485211.0,1252.499267578125
2020-03-06,1268.0,1226.300048828125,1250.5,1264.4000244140625,718345.0,1254.1358642578125
2020-03-09,1261.0,1190.0,1261.0,1207.9000244140625,732840.0,1198.0946044921875
2020-03-11,1225.0999755859375,1160.5,1210.0,1190.050048828125,642604.0,1180.3895263671875
2020-03-12,1169.800048828125,1072.0,1135.6500244140625,1104.1500244140625,1468801.0,1095.1868896484375
2020-03-13,1150.0,883.3499755859375,1010.0,1125.6500244140625,1166978.0,1116.5123291015625
2020-03-16,1197.4000244140625,1042.050048828125,1099.800048828125,1087.800048828125,625700.0,1078.9696044921875
2020-03-17,1123.199951171875,1045.199951171875,1075.0,1075.25,407327.0,1066.5213623046875
2020-03-18,1099.0,962.0,1066.550048828125,995.7999877929688,1302437.0,987.71630859375
2020-03-19,1121.0,805.0,950.0,1029.4000244140625,990238.0,1021.0435791015625
2020-03-20,1074.25,950.0,1050.0,1004.4500122070312,1765060.0,996.2960815429688
2020-03-23,949.9500122070312,820.0,910.0,826.2999877929688,596466.0,819.5922241210938
2020-03-24,929.0,815.75,818.0499877929688,850.9500122070312,904315.0,844.0421752929688
2020-03-25,995.0,846.4000244140625,855.5,984.9500122070312,1161295.0,976.9544067382812
2020-03-26,1181.9000244140625,997.0499877929688,1000.0,1096.800048828125,1897600.0,1087.896484375
2020-03-27,1179.699951171875,980.0,1080.0,1022.75,756636.0,1014.4475708007812
2020-03-30,1088.0,998.75,998.75,1027.699951171875,427414.0,1019.3573608398438
2020-03-31,1102.949951171875,1030.0,1065.0,1081.6500244140625,1302717.0,1072.869384765625
2020-04-01,1143.0,1051.0999755859375,1084.0,1105.75,538692.0,1096.7738037109375
2020-04-03,1119.9000244140625,1013.0,1100.0,1045.050048828125,1099047.0,1036.5665283203125
2020-04-07,1195.0,1072.0,1072.0,1154.449951171875,812026.0,1145.078369140625
2020-04-08,1179.9000244140625,1108.050048828125,1110.0,1150.949951171875,575191.0,1141.60693359375
2020-04-09,1227.949951171875,1125.0,1130.0,1169.0,1307788.0,1159.5103759765625
2020-04-13,1178.800048828125,1101.0,1165.0,1146.699951171875,542846.0,1137.3912353515625
2020-04-15,1214.4000244140625,1139.0999755859375,1169.449951171875,1152.8499755859375,761153.0,1143.491455078125
2020-04-16,1223.699951171875,1136.800048828125,1152.8499755859375,1157.25,808208.0,1147.8555908203125
2020-04-17,1212.699951171875,1173.3499755859375,1174.8499755859375,1199.4000244140625,701251.0,1189.66357421875
2020-04-20,1233.5,1175.0,1215.0,1190.300048828125,734858.0,1180.637451171875
2020-04-21,1199.800048828125,1130.199951171875,1175.0,1159.199951171875,611851.0,1149.789794921875
2020-04-22,1160.050048828125,1126.0,1159.1500244140625,1139.4000244140625,348113.0,1130.150634765625
2020-04-23,1199.0,1140.0,1149.800048828125,1190.8499755859375,348769.0,1181.182861328125
2020-04-24,1201.0,1126.0,1160.0,1136.5,682172.0,1127.274169921875
2020-04-27,1205.0,1137.0999755859375,1140.0,1194.0,567752.0,1184.3072509765625
2020-04-28,1206.9000244140625,1180.0,1204.9000244140625,1195.449951171875,983106.0,1185.7454833984375
2020-04-29,1235.3499755859375,1182.699951171875,1190.0,1231.25,586460.0,1221.2548828125
2020-04-30,1325.0,1207.050048828125,1240.0,1290.5999755859375,987356.0,1280.1231689453125
2020-05-04,1265.0,1189.0,1253.0999755859375,1208.8499755859375,702118.0,1199.036865234375
2020-05-05,1231.25,1172.0,1210.9000244140625,1213.3499755859375,613031.0,1203.500244140625
2020-05-06,1239.699951171875,1174.3499755859375,1229.0,1212.1500244140625,471267.0,1202.3099365234375
2020-05-07,1220.0,1192.1500244140625,1209.800048828125,1210.199951171875,271631.0,1200.3759765625
2020-05-08,1248.9000244140625,1210.0999755859375,1217.0,1235.1500244140625,408970.0,1225.123291015625
2020-05-11,1314.0,1246.0,1250.0,1297.300048828125,760784.0,1286.768798828125
2020-05-12,1342.949951171875,1274.0,1289.5999755859375,1333.300048828125,682524.0,1322.4766845703125
2020-05-13,1372.199951171875,1286.0,1360.0,1320.0999755859375,711169.0,1309.3836669921875
2020-05-14,1316.6500244140625,1235.0,1310.0,1243.5,568028.0,1233.405517578125
2020-05-15,1260.0,1216.3499755859375,1249.0,1233.4000244140625,491850.0,1223.3875732421875
2020-05-18,1238.6500244140625,1125.050048828125,1222.25,1166.0,503272.0,1156.53466796875
2020-05-19,1234.1500244140625,1182.9000244140625,1195.449951171875,1222.550048828125,741998.0,1212.625732421875
2020-05-20,1242.4000244140625,1211.0999755859375,1220.0999755859375,1235.0,239160.0,1224.9744873046875
2020-05-21,1279.800048828125,1230.550048828125,1242.0,1249.3499755859375,559080.0,1239.2081298828125
2020-05-22,1263.8499755859375,1215.0,1254.0,1238.0999755859375,289297.0,1228.04931640625
2020-05-26,1258.0,1228.0,1247.75,1233.3499755859375,303068.0,1223.337890625
2020-05-27,1245.0,1220.0,1240.0,1232.550048828125,749065.0,1222.5445556640625
2020-05-28,1276.0,1235.0,1245.3499755859375,1254.25,410042.0,1244.0682373046875
2020-05-29,1334.0,1253.8499755859375,1255.0,1300.699951171875,3176009.0,1290.1412353515625
2020-06-01,1340.0,1292.0,1310.0,1302.5999755859375,416681.0,1292.0257568359375
2020-06-02,1312.449951171875,1258.550048828125,1299.949951171875,1294.5999755859375,361301.0,1284.0906982421875
2020-06-03,1310.0,1267.0,1310.0,1271.550048828125,907105.0,1261.2279052734375
2020-06-04,1299.0,1251.4000244140625,1285.0,1281.800048828125,501000.0,1271.3946533203125
2020-06-05,1328.0,1273.699951171875,1290.0,1302.75,544730.0,1292.174560546875
2020-06-08,1324.199951171875,1275.050048828125,1313.0999755859375,1289.699951171875,210572.0,1279.23046875
2020-06-09,1319.0,1277.0999755859375,1294.0,1314.3499755859375,423986.0,1303.6802978515625
2020-06-10,1334.0,1272.5,1314.0,1318.0,776604.0,1307.30078125
2020-06-11,1318.0,1287.449951171875,1318.0,1299.800048828125,233002.0,1289.2486572265625
2020-06-12,1328.6500244140625,1257.6500244140625,1274.0,1301.25,385384.0,1290.6866455078125
2020-06-15,1330.0999755859375,1285.6500244140625,1295.300048828125,1319.1500244140625,506322.0,1308.44140625
2020-06-16,1386.6500244140625,1320.0,1335.0,1363.0999755859375,1950661.0,1352.0345458984375
2020-06-17,1383.699951171875,1326.5,1370.0,1334.4000244140625,798517.0,1323.567626953125
2020-06-18,1319.949951171875,1272.0999755859375,1310.0,1275.699951171875,893087.0,1265.343994140625
2020-06-19,1274.9000244140625,1250.0,1265.0,1270.1500244140625,27038204.0,1259.8392333984375
2020-06-22,1289.0,1255.0,1279.0,1271.5999755859375,975418.0,1261.2774658203125
2020-06-23,1305.0,1272.0,1272.0,1290.449951171875,711961.0,1279.9744873046875
2020-06-24,1311.0,1277.0,1296.0,1293.0999755859375,982291.0,1282.6029052734375
2020-06-25,1287.949951171875,1267.199951171875,1279.0,1274.0,377086.0,1263.657958984375
2020-06-26,1290.0,1253.25,1290.0,1262.550048828125,235936.0,1252.3009033203125
2020-06-29,1270.0,1232.699951171875,1260.0,1239.9000244140625,749898.0,1229.834716796875
2020-06-30,1289.9000244140625,1221.0999755859375,1250.0,1266.5999755859375,1728495.0,1256.3179931640625
2020-07-01,1274.5999755859375,1248.1500244140625,1265.0,1266.5999755859375,405496.0,1256.3179931640625
2020-07-02,1295.0,1261.0,1274.5,1289.0999755859375,394798.0,1278.63525390625
2020-07-03,1300.0,1275.199951171875,1290.5999755859375,1279.300048828125,194878.0,1268.9149169921875
2020-07-06,1293.6500244140625,1275.199951171875,1280.0,1287.050048828125,185403.0,1276.6021728515625
2020-07-07,1299.5999755859375,1265.800048828125,1280.5999755859375,1273.699951171875,328181.0,1263.3603515625
2020-07-08,1290.3499755859375,1266.1500244140625,1286.0,1288.4000244140625,598410.0,1277.9410400390625
2020-07-09,1311.0,1266.0,1290.0,1271.0999755859375,562549.0,1260.781494140625
2020-07-10,1284.75,1250.25,1278.0,1260.0999755859375,393177.0,1249.870849609375
2020-07-13,1288.0,1251.050048828125,1270.949951171875,1273.8499755859375,334234.0,1263.509033203125
2020-07-14,1278.5,1238.0,1276.8499755859375,1260.449951171875,437672.0,1250.2178955078125
2020-07-15,1289.5999755859375,1242.199951171875,1270.0,1252.6500244140625,713871.0,1242.4813232421875
2020-07-16,1264.9000244140625,1241.300048828125,1255.0,1249.699951171875,257457.0,1239.55517578125
2020-07-17,1293.0,1251.3499755859375,1254.800048828125,1288.300048828125,738845.0,1277.8419189453125
2020-07-20,1328.0,1293.0,1305.0,1321.4000244140625,688423.0,1310.6732177734375
2020-07-21,1346.0,1317.800048828125,1330.0,1334.25,506981.0,1323.4189453125
2020-07-22,1345.550048828125,1288.5999755859375,1332.550048828125,1294.3499755859375,444256.0,1283.8426513671875
2020-07-23,1313.8499755859375,1275.0999755859375,1298.800048828125,1283.0999755859375,447829.0,1272.6839599609375
2020-07-24,1307.800048828125,1275.0,1284.0,1297.550048828125,467801.0,1287.016845703125
2020-07-27,1320.0,1286.550048828125,1300.949951171875,1306.550048828125,338361.0,1295.9437255859375
2020-07-28,1327.8499755859375,1300.300048828125,1315.199951171875,1319.699951171875,258830.0,1308.9869384765625
2020-07-29,1338.0,1292.1500244140625,1326.300048828125,1301.9000244140625,425247.0,1291.33154296875
2020-07-30,1330.0,1296.0,1314.75,1321.4000244140625,233338.0,1310.6732177734375
2020-07-31,1323.300048828125,1295.550048828125,1323.0,1303.5999755859375,247691.0,1293.017578125
2020-08-03,1333.5999755859375,1296.199951171875,1306.9000244140625,1318.949951171875,349820.0,1308.242919921875
2020-08-04,1373.0,1313.449951171875,1320.0,1349.6500244140625,743973.0,1338.6939697265625
2020-08-05,1363.6500244140625,1337.0,1356.4000244140625,1350.699951171875,191598.0,1339.735107421875
2020-08-06,1400.0,1350.0,1350.550048828125,1375.949951171875,831913.0,1364.7802734375
2020-08-07,1379.0,1345.199951171875,1375.0,1356.3499755859375,259444.0,1345.3394775390625
2020-08-10,1424.0,1365.0,1370.6500244140625,1382.550048828125,671954.0,1371.3267822265625
2020-08-11,1406.3499755859375,1335.0,1390.0,1348.9000244140625,370518.0,1337.949951171875
2020-08-12,1383.4000244140625,1349.0999755859375,1355.0,1377.8499755859375,342002.0,1366.6649169921875
2020-08-13,1400.0,1359.3499755859375,1388.0,1364.1500244140625,508040.0,1353.076171875
2020-08-14,1375.0999755859375,1304.5,1364.0,1309.75,330531.0,1299.11767578125
2020-08-17,1328.25,1286.0,1328.25,1295.0,334694.0,1284.487548828125
2020-08-18,1346.0,1281.0,1299.0,1336.0999755859375,393703.0,1325.25390625
2020-08-19,1359.699951171875,1303.199951171875,1340.0,1310.6500244140625,321561.0,1300.0103759765625
2020-08-20,1324.0,1294.0,1310.6500244140625,1298.3499755859375,198608.0,1287.810302734375
2020-08-21,1317.0,1285.0,1315.9000244140625,1291.449951171875,537656.0,1280.9661865234375
2020-08-24,1302.9000244140625,1260.0,1291.5,1275.1500244140625,1005356.0,1264.798583984375
2020-08-25,1286.0,1261.5999755859375,1285.0,1265.3499755859375,329976.0,1255.078125
2020-08-26,1290.0,1260.0,1268.0,1264.25,471108.0,1253.987060546875
2020-08-27,1279.199951171875,1263.199951171875,1268.0,1276.6500244140625,340350.0,1266.286376953125
2020-08-28,1301.0,1280.0,1283.6500244140625,1283.9000244140625,800001.0,1273.4776611328125
2020-08-31,1312.0,1250.0,1293.4000244140625,1256.699951171875,782636.0,1246.498291015625
2020-09-01,1285.0,1245.0,1260.0,1259.449951171875,762728.0,1249.2259521484375
2020-09-02,1279.949951171875,1250.0999755859375,1254.75,1262.050048828125,406683.0,1251.804931640625
2020-09-03,1299.0,1265.550048828125,1268.5,1288.25,436206.0,1277.792236328125
2020-09-04,1296.9000244140625,1265.550048828125,1270.0,1290.199951171875,388353.0,1279.726318359375
2020-09-07,1297.0,1275.0,1297.0,1283.0999755859375,108408.0,1272.6839599609375
2020-09-08,1293.949951171875,1252.0,1287.800048828125,1264.050048828125,198787.0,1253.788818359375
2020-09-09,1251.5,1200.0,1251.4000244140625,1217.949951171875,465737.0,1208.0628662109375
2020-09-10,1274.949951171875,1225.0,1228.0,1253.300048828125,304875.0,1243.1259765625
2020-09-11,1309.0,1254.0,1256.0999755859375,1298.199951171875,427605.0,1287.661376953125
2020-09-14,1335.050048828125,1295.0,1312.0,1305.3499755859375,819373.0,1294.75341796875
2020-09-15,1333.0,1295.199951171875,1325.0,1304.5,665839.0,1293.9102783203125
2020-09-16,1333.0,1305.0,1310.0,1316.300048828125,294306.0,1305.614501953125
2020-09-17,1318.699951171875,1273.5,1318.699951171875,1281.5,353706.0,1271.0970458984375
2020-09-18,1325.449951171875,1257.449951171875,1293.1500244140625,1295.949951171875,1520695.0,1285.4296875
2020-09-21,1315.550048828125,1260.5999755859375,1304.449951171875,1276.0,301054.0,1265.641845703125
2020-09-22,1274.0,1248.199951171875,1272.9000244140625,1254.75,402197.0,1244.564208984375
2020-09-23,1287.0,1248.199951171875,1263.5,1258.1500244140625,256738.0,1247.9366455078125
2020-09-24,1258.0,1225.0999755859375,1240.050048828125,1251.300048828125,449187.0,1241.1422119140625
2020-09-25,1278.0,1235.5999755859375,1260.0,1270.050048828125,482477.0,1259.739990234375
2020-09-28,1290.0,1263.0,1284.5,1268.5,294266.0,1258.20263671875
2020-09-29,1278.0,1246.199951171875,1278.0,1250.5,348648.0,1240.3486328125
2020-09-30,1313.75,1245.800048828125,1252.199951171875,1299.5,602464.0,1288.950927734375
2020-10-01,1309.3499755859375,1285.0,1291.5,1301.300048828125,237102.0,1290.736328125
2020-10-05,1295.0,1251.1500244140625,1295.0,1254.4000244140625,579287.0,1244.217041015625
2020-10-06,1268.9000244140625,1230.0999755859375,1260.0,1235.25,567980.0,1225.2225341796875
2020-10-07,1281.0,1231.25,1238.0,1274.8499755859375,446559.0,1264.5009765625
2020-10-08,1280.0,1237.3499755859375,1275.0,1251.699951171875,602213.0,1241.5390625
2020-10-09,1260.75,1240.199951171875,1248.699951171875,1247.550048828125,310962.0,1237.4227294921875
2020-10-12,1262.4000244140625,1204.449951171875,1242.0,1208.0,351329.0,1198.193603515625
2020-10-13,1240.949951171875,1200.0,1202.0,1202.4000244140625,439245.0,1192.63916015625
2020-10-14,1249.949951171875,1203.0,1208.0,1247.25,530522.0,1237.1251220703125
2020-10-15,1255.199951171875,1228.050048828125,1248.0,1250.6500244140625,400456.0,1240.49755859375
2020-10-16,1256.0,1228.050048828125,1240.199951171875,1238.949951171875,209564.0,1228.892333984375
2020-10-19,1261.0,1239.0,1239.0,1254.0999755859375,242560.0,1243.9195556640625
2020-10-20,1260.5,1234.0,1254.0999755859375,1245.800048828125,268846.0,1235.6868896484375
2020-10-21,1260.0,1237.199951171875,1252.0,1240.699951171875,173983.0,1230.628173828125
2020-10-22,1273.8499755859375,1217.0,1235.0,1255.949951171875,537043.0,1245.7545166015625
2020-10-23,1265.0,1241.5,1262.1500244140625,1257.800048828125,180360.0,1247.589599609375
2020-10-26,1294.8499755859375,1236.0,1272.0,1254.949951171875,425438.0,1244.7625732421875
2020-10-27,1276.949951171875,1243.550048828125,1274.4000244140625,1248.9000244140625,308496.0,1238.76171875
2020-10-28,1255.0,1228.050048828125,1255.0,1230.5999755859375,369005.0,1220.6102294921875
2020-10-29,1252.0,1224.0,1230.0,1242.699951171875,174889.0,1232.6119384765625
2020-10-30,1243.5,1218.800048828125,1232.050048828125,1236.0,992144.0,1225.96630859375
2020-11-02,1248.0,1219.0999755859375,1245.0,1225.050048828125,546257.0,1215.1053466796875
2020-11-03,1257.949951171875,1224.5,1239.0,1226.1500244140625,445423.0,1216.1962890625
2020-11-04,1238.3499755859375,1220.199951171875,1226.1500244140625,1231.300048828125,275034.0,1221.3045654296875
2020-11-05,1265.0,1232.050048828125,1237.5,1243.6500244140625,538703.0,1233.5543212890625
2020-11-06,1273.0,1237.949951171875,1239.0,1260.449951171875,432511.0,1250.2178955078125
2020-11-09,1288.800048828125,1255.25,1267.0,1271.300048828125,509445.0,1260.97998046875
2020-11-10,1293.949951171875,1262.75,1275.0,1269.25,815456.0,1258.946533203125
2020-11-11,1281.949951171875,1241.4000244140625,1274.4000244140625,1265.3499755859375,1351245.0,1255.078125
2020-11-12,1270.550048828125,1248.0,1265.3499755859375,1259.3499755859375,546454.0,1249.1268310546875
2020-11-13,1304.0,1252.0,1257.9000244140625,1297.300048828125,904077.0,1286.768798828125
2020-11-14,1305.4000244140625,1288.0999755859375,1304.0,1295.9000244140625,42009.0,1285.3802490234375
2020-11-17,1338.5999755859375,1290.0,1299.949951171875,1329.199951171875,952298.0,1318.4097900390625
2020-11-18,1325.0,1277.6500244140625,1320.0999755859375,1311.25,769769.0,1300.6055908203125
2020-11-19,1348.800048828125,1285.0999755859375,1308.0999755859375,1296.449951171875,903121.0,1285.9256591796875
2020-11-20,1383.550048828125,1299.0,1304.0,1356.300048828125,1084021.0,1345.2899169921875
2020-11-23,1381.0,1344.050048828125,1360.0,1352.8499755859375,568127.0,1341.867919921875
2020-11-24,1382.449951171875,1351.9000244140625,1355.0,1372.25,879626.0,1361.1103515625
2020-11-25,1397.699951171875,1370.8499755859375,1380.0,1382.8499755859375,838234.0,1371.6243896484375
2020-11-26,1468.0,1390.0,1394.0,1457.050048828125,2679932.0,1445.2220458984375
2020-11-27,1474.0,1421.5999755859375,1468.949951171875,1451.4000244140625,1557368.0,1439.6180419921875
2020-12-01,1499.9000244140625,1459.050048828125,1470.0,1471.1500244140625,1102450.0,1459.20751953125
2020-12-02,1530.0,1479.5999755859375,1484.800048828125,1521.550048828125,1035487.0,1509.198486328125
2020-12-03,1526.3499755859375,1476.800048828125,1516.550048828125,1482.0999755859375,1202087.0,1470.068603515625
2020-12-04,1495.0,1436.5,1480.0,1450.25,938899.0,1438.4771728515625
2020-12-07,1457.9000244140625,1433.199951171875,1457.9000244140625,1442.75,514977.0,1431.0380859375
2020-12-08,1474.9000244140625,1445.050048828125,1453.0,1464.4000244140625,534043.0,1452.5123291015625
2020-12-09,1510.0,1444.0,1480.0,1453.4000244140625,1253668.0,1441.6015625
2020-12-10,1458.050048828125,1425.5999755859375,1453.1500244140625,1449.75,575732.0,1437.981201171875
2020-12-11,1476.4000244140625,1437.699951171875,1458.050048828125,1466.550048828125,697751.0,1454.6448974609375
2020-12-14,1493.9000244140625,1469.0,1479.699951171875,1489.75,1086597.0,1477.656494140625
2020-12-15,1506.9000244140625,1450.0999755859375,1495.75,1455.699951171875,1270972.0,1443.8829345703125
2020-12-16,1490.0,1459.3499755859375,1462.699951171875,1479.3499755859375,554075.0,1467.3409423828125
2020-12-17,1490.0,1464.0,1490.0,1477.550048828125,566898.0,1465.5555419921875
2020-12-18,1487.800048828125,1447.0999755859375,1465.0,1461.449951171875,794647.0,1449.5863037109375
2020-12-21,1477.050048828125,1404.0,1454.5999755859375,1432.699951171875,667988.0,1421.0697021484375
2020-12-22,1468.8499755859375,1410.4000244140625,1435.0,1457.800048828125,623046.0,1445.9659423828125
2020-12-23,1474.75,1442.0999755859375,1460.0,1458.199951171875,595095.0,1446.362548828125
2020-12-24,1495.0,1457.25,1457.25,1484.050048828125,590435.0,1472.0029296875
2020-12-28,1516.0,1491.0,1496.800048828125,1497.6500244140625,626624.0,1485.492431640625
2020-12-29,1517.199951171875,1484.6500244140625,1509.0,1510.300048828125,425237.0,1498.0396728515625
2020-12-30,1540.300048828125,1496.25,1520.0,1510.0999755859375,721897.0,1497.8414306640625
2020-12-31,1529.5,1491.9000244140625,1509.0,1520.8499755859375,403848.0,1508.5040283203125
2021-01-01,1523.9000244140625,1505.0,1518.0,1519.199951171875,172139.0,1506.867431640625
2021-01-04,1554.9000244140625,1524.0,1529.0,1549.449951171875,586835.0,1536.871826171875
2021-01-05,1592.0,1531.9000244140625,1549.0,1584.25,776027.0,1571.389404296875
2021-01-06,1626.449951171875,1575.550048828125,1589.0,1611.699951171875,1321608.0,1598.6165771484375
2021-01-07,1622.9000244140625,1561.0,1618.800048828125,1571.199951171875,588805.0,1558.4453125
2021-01-08,1617.949951171875,1562.0,1583.9000244140625,1605.1500244140625,719490.0,1592.1197509765625
2021-01-11,1621.0,1586.4000244140625,1616.0999755859375,1609.699951171875,543087.0,1596.6326904296875
2021-01-12,1616.9000244140625,1556.800048828125,1607.4000244140625,1565.949951171875,451933.0,1553.2379150390625
2021-01-13,1584.300048828125,1533.4000244140625,1570.5999755859375,1549.0,554839.0,1536.425537109375
2021-01-14,1564.050048828125,1535.699951171875,1556.0999755859375,1554.699951171875,299112.0,1542.0792236328125
2021-01-15,1576.0,1528.9000244140625,1558.0,1550.8499755859375,347984.0,1538.2603759765625
2021-01-18,1551.5,1511.0,1545.0,1523.550048828125,326922.0,1511.1822509765625
2021-01-19,1559.9000244140625,1506.8499755859375,1538.4000244140625,1510.0,693510.0,1497.7421875
2021-01-20,1507.199951171875,1452.050048828125,1492.5,1494.9000244140625,1607991.0,1482.7647705078125
2021-01-21,1519.0,1455.6500244140625,1502.3499755859375,1462.8499755859375,866491.0,1450.9749755859375
2021-01-22,1479.3499755859375,1420.0,1465.199951171875,1438.949951171875,946642.0,1427.2689208984375
2021-01-25,1453.199951171875,1392.550048828125,1436.8499755859375,1438.25,612863.0,1426.5745849609375
2021-01-27,1438.199951171875,1367.699951171875,1438.199951171875,1378.800048828125,1539581.0,1367.6072998046875
2021-01-28,1391.949951171875,1361.3499755859375,1369.949951171875,1371.25,896401.0,1360.118408203125
2021-01-29,1391.949951171875,1300.0,1382.0,1315.5,1339954.0,1304.821044921875
2021-02-01,1381.9000244140625,1295.0,1326.0999755859375,1365.3499755859375,1468725.0,1354.266357421875
2021-02-02,1419.699951171875,1372.0,1402.0,1387.949951171875,1774566.0,1376.682861328125
2021-02-03,1463.0,1382.5,1382.5,1436.4000244140625,1189638.0,1424.7396240234375
2021-02-04,1481.8499755859375,1410.0,1449.0,1470.25,713746.0,1458.3148193359375
2021-02-05,1487.199951171875,1450.0999755859375,1479.8499755859375,1467.75,784535.0,1455.8350830078125
2021-02-08,1485.0,1464.550048828125,1467.75,1473.0,727597.0,1461.04248046875
2021-02-09,1535.0,1455.800048828125,1485.949951171875,1512.800048828125,1312996.0,1500.51953125
2021-02-10,1530.0,1472.0,1528.5,1501.0,1245064.0,1488.815185546875
2021-02-11,1511.0,1488.0,1498.0,1497.800048828125,688878.0,1485.64111328125
2021-02-12,1509.0,1486.25,1500.0,1494.9000244140625,555080.0,1482.7647705078125
2021-02-15,1507.4000244140625,1478.0999755859375,1500.0,1497.699951171875,1186259.0,1485.5419921875
2021-02-16,1519.0,1487.550048828125,1497.949951171875,1504.9000244140625,428431.0,1492.68359375
2021-02-17,1541.800048828125,1495.050048828125,1499.0,1497.8499755859375,871716.0,1485.690673828125
2021-02-18,1516.0,1490.050048828125,1501.949951171875,1498.199951171875,498508.0,1486.0379638671875
2021-02-19,1520.0,1488.300048828125,1491.0,1493.75,705510.0,1481.6241455078125
2021-02-22,1498.0,1452.25,1495.5,1466.1500244140625,787448.0,1454.2481689453125
2021-02-23,1514.0,1460.0,1470.0,1499.449951171875,859167.0,1487.27783203125
2021-02-24,1508.0,1477.0,1508.0,1486.199951171875,199596.0,1474.1353759765625
2021-02-25,1517.5,1473.25,1499.9000244140625,1482.3499755859375,621933.0,1470.3165283203125
2021-02-26,1482.3499755859375,1380.1500244140625,1482.3499755859375,1426.0,2771831.0,1414.424072265625
2021-03-01,1454.949951171875,1406.0,1430.0,1427.0999755859375,414978.0,1415.51513671875
2021-03-02,1465.0,1423.050048828125,1430.0,1431.199951171875,458168.0,1419.581787109375
2021-03-03,1508.1500244140625,1443.0999755859375,1450.0,1496.9000244140625,576058.0,1484.74853515625
2021-03-04,1500.0,1466.050048828125,1489.0,1471.300048828125,303679.0,1459.3563232421875
2021-03-05,1501.6500244140625,1455.550048828125,1466.0,1495.550048828125,741576.0,1483.4095458984375
2021-03-08,1534.75,1475.0,1499.0,1481.5,564677.0,1469.4735107421875
2021-03-09,1491.699951171875,1438.050048828125,1476.050048828125,1468.25,711740.0,1456.3309326171875
2021-03-10,1487.8499755859375,1451.050048828125,1483.0,1471.0999755859375,397041.0,1459.1578369140625
2021-03-12,1510.0,1461.25,1486.0,1471.199951171875,773920.0,1459.257080078125
2021-03-15,1483.9000244140625,1458.0,1480.0,1464.9000244140625,307023.0,1453.00830078125
2021-03-16,1516.699951171875,1465.5999755859375,1470.0,1493.050048828125,682685.0,1480.9296875
2021-03-17,1505.0999755859375,1454.550048828125,1499.949951171875,1475.0999755859375,274443.0,1463.12548828125
2021-03-18,1490.0,1435.0999755859375,1478.800048828125,1438.25,424366.0,1430.4534912109375
2021-03-19,1442.5,1402.25,1435.0,1436.5999755859375,581236.0,1428.8123779296875
2021-03-22,1460.0,1430.0,1440.0,1434.5999755859375,466422.0,1426.8233642578125
2021-03-23,1459.9000244140625,1432.25,1444.0,1438.1500244140625,422691.0,1430.35400390625
2021-03-24,1443.199951171875,1400.0,1425.5,1402.8499755859375,430059.0,1395.245361328125
2021-03-25,1413.550048828125,1377.550048828125,1404.0,1388.25,506945.0,1380.7244873046875
2021-03-26,1425.0,1390.5,1402.0,1400.0,227045.0,1392.410888671875
2021-03-30,1440.0,1401.0999755859375,1414.0,1432.949951171875,559402.0,1425.18212890625
2021-03-31,1447.9000244140625,1419.050048828125,1438.9000244140625,1433.199951171875,346622.0,1425.430908203125
2021-04-01,1446.949951171875,1411.0,1438.0,1437.5999755859375,410607.0,1429.8070068359375
2021-04-05,1457.800048828125,1400.050048828125,1451.699951171875,1410.6500244140625,731017.0,1403.003173828125
2021-04-06,1439.949951171875,1412.0999755859375,1412.0999755859375,1426.949951171875,171421.0,1419.2147216796875
2021-04-07,1456.949951171875,1422.300048828125,1426.949951171875,1449.5,296617.0,1441.642578125
2021-04-08,1464.449951171875,1425.75,1449.75,1430.5,628533.0,1422.7454833984375
2021-04-09,1442.9000244140625,1406.8499755859375,1430.0,1419.5999755859375,909210.0,1411.904541015625
2021-04-12,1419.5999755859375,1329.9000244140625,1419.5999755859375,1351.050048828125,902033.0,1343.726318359375
2021-04-13,1387.9000244140625,1345.8499755859375,1365.5999755859375,1364.0,748685.0,1356.60595703125
2021-04-15,1395.6500244140625,1334.550048828125,1364.0,1386.5999755859375,597218.0,1379.0833740234375
2021-04-16,1428.0,1375.0,1375.0,1417.1500244140625,825956.0,1409.4678955078125
2021-04-19,1410.0,1333.6500244140625,1410.0,1360.699951171875,1174639.0,1353.3238525390625
2021-04-20,1418.0,1366.0999755859375,1390.0,1399.0,928686.0,1391.416259765625
2021-04-22,1400.0,1372.300048828125,1380.699951171875,1380.050048828125,443394.0,1372.569091796875
2021-04-23,1404.9000244140625,1375.0,1375.0,1381.199951171875,463636.0,1373.712646484375
2021-04-26,1462.1500244140625,1390.050048828125,1411.199951171875,1451.5999755859375,1698950.0,1443.7310791015625
2021-04-27,1482.0,1421.199951171875,1464.6500244140625,1439.699951171875,541749.0,1431.8956298828125
2021-04-28,1454.5,1421.6500244140625,1451.699951171875,1424.9000244140625,273683.0,1417.17578125
2021-04-29,1446.550048828125,1412.550048828125,1431.0,1417.8499755859375,244982.0,1410.1639404296875
2021-04-30,1424.0999755859375,1400.0,1413.5999755859375,1414.0,512509.0,1406.3349609375
2021-05-03,1443.0,1390.199951171875,1415.0,1435.5999755859375,375833.0,1427.8177490234375
2021-05-04,1471.949951171875,1422.9000244140625,1438.0,1443.199951171875,425540.0,1435.3765869140625
2021-05-05,1472.0,1440.9000244140625,1457.75,1451.699951171875,273192.0,1443.83056640625
2021-05-06,1481.9000244140625,1450.0,1456.4000244140625,1453.75,286586.0,1445.8695068359375
2021-05-07,1470.0,1443.0,1470.0,1449.949951171875,244058.0,1442.090087890625
2021-05-10,1499.800048828125,1446.75,1449.949951171875,1497.4000244140625,673766.0,1489.2828369140625
2021-05-11,1513.0,1470.0,1493.5,1484.800048828125,452283.0,1476.751220703125
2021-05-12,1494.699951171875,1463.5999755859375,1484.0,1481.699951171875,408625.0,1473.66796875
2021-05-14,1518.0,1460.800048828125,1485.0,1473.0999755859375,490693.0,1465.114501953125
2021-05-17,1497.449951171875,1461.1500244140625,1474.0,1475.5,506156.0,1467.5015869140625
2021-05-18,1509.0,1472.25,1484.699951171875,1487.050048828125,442991.0,1478.989013671875
2021-05-19,1511.8499755859375,1478.199951171875,1493.9000244140625,1504.949951171875,332439.0,1496.7918701171875
2021-05-20,1547.0,1494.9000244140625,1508.949951171875,1527.8499755859375,896399.0,1519.5677490234375
2021-05-21,1554.75,1506.0,1540.0,1527.4000244140625,403021.0,1519.1202392578125
2021-05-24,1553.949951171875,1489.5999755859375,1529.9000244140625,1493.5,402726.0,1485.4039306640625
2021-05-25,1517.0,1464.0999755859375,1497.5,1479.8499755859375,418785.0,1471.8280029296875
2021-05-26,1499.550048828125,1465.4000244140625,1491.800048828125,1476.8499755859375,456731.0,1468.84423828125
2021-05-27,1488.0,1430.0,1481.5999755859375,1446.4000244140625,1130538.0,1438.559326171875
2021-05-28,1567.0,1460.9000244140625,1460.9000244140625,1484.050048828125,2092732.0,1476.00537109375
2021-05-31,1494.699951171875,1454.8499755859375,1491.9000244140625,1471.9000244140625,682347.0,1463.921142578125
2021-06-01,1496.0,1462.0,1480.5,1466.800048828125,423101.0,1458.848876953125
2021-06-02,1479.0,1457.0,1474.5,1467.0999755859375,705986.0,1459.1470947265625
2021-06-03,1485.0,1468.0999755859375,1478.0,1474.800048828125,322667.0,1466.805419921875
2021-06-04,1481.0,1444.0,1481.0,1447.5,1058971.0,1439.6533203125
2021-06-07,1457.25,1435.1500244140625,1456.0,1444.3499755859375,694398.0,1436.5203857421875
2021-06-08,1470.0,1438.050048828125,1449.550048828125,1467.699951171875,586141.0,1459.743896484375
2021-06-09,1490.4000244140625,1463.0,1475.0,1473.9000244140625,866486.0,1465.9102783203125
2021-06-10,1504.0,1472.9000244140625,1473.0,1501.6500244140625,717238.0,1493.5098876953125
2021-06-11,1522.449951171875,1487.6500244140625,1502.0,1515.75,514523.0,1507.533447265625
2021-06-14,1530.199951171875,1494.0,1515.0,1504.300048828125,418230.0,1496.1455078125
2021-06-15,1520.0,1495.0,1508.75,1503.0,320946.0,1494.8525390625
2021-06-16,1583.949951171875,1496.0,1496.0,1516.199951171875,2333441.0,1507.98095703125
2021-06-17,1530.0,1490.0,1516.199951171875,1508.0999755859375,567744.0,1499.9248046875
2021-06-18,1541.0999755859375,1485.0999755859375,1511.25,1534.0,704322.0,1525.6844482421875
2021-06-21,1564.0,1521.3499755859375,1531.0,1527.3499755859375,420137.0,1519.070556640625
2021-06-22,1554.3499755859375,1520.0,1535.4000244140625,1525.0,432914.0,1516.7332763671875
2021-06-23,1550.0,1518.0,1531.0,1533.5999755859375,426814.0,1525.2864990234375
2021-06-24,1548.0,1520.1500244140625,1545.0,1525.25,219795.0,1516.9818115234375
2021-06-25,1559.0,1525.300048828125,1529.0,1549.1500244140625,706530.0,1540.7523193359375
2021-06-28,1607.0,1549.1500244140625,1559.0,1598.3499755859375,1483124.0,1589.6856689453125
2021-06-29,1608.0,1573.0,1598.0,1581.9000244140625,575662.0,1573.3248291015625
2021-06-30,1598.0,1556.050048828125,1580.0,1567.0,392508.0,1558.505615234375
2021-07-01,1594.449951171875,1555.050048828125,1578.0,1558.800048828125,620571.0,1550.3499755859375
2021-07-02,1576.9000244140625,1550.050048828125,1565.0,1553.449951171875,399379.0,1545.029052734375
2021-07-05,1612.0,1558.0999755859375,1570.199951171875,1566.6500244140625,618930.0,1558.157470703125
2021-07-06,1587.8499755859375,1562.949951171875,1580.0,1568.449951171875,250878.0,1559.94775390625
2021-07-07,1595.3499755859375,1555.550048828125,1570.0,1589.0999755859375,375590.0,1580.4857177734375
2021-07-08,1605.0,1565.4000244140625,1595.3499755859375,1569.199951171875,411390.0,1560.693603515625
2021-07-09,1576.6500244140625,1555.6500244140625,1576.5999755859375,1568.5999755859375,244062.0,1560.0968017578125
2021-07-12,1598.0,1575.0,1575.0,1585.0,275434.0,1576.407958984375
2021-07-13,1595.0,1540.0,1588.0,1543.199951171875,481159.0,1534.8345947265625
2021-07-14,1549.25,1516.0,1549.25,1531.6500244140625,1031226.0,1523.3472900390625
2021-07-15,1552.949951171875,1535.5,1538.4000244140625,1547.949951171875,200824.0,1539.558837890625
2021-07-16,1557.6500244140625,1519.050048828125,1547.949951171875,1521.449951171875,439481.0,1513.202392578125
2021-07-19,1534.1500244140625,1483.050048828125,1526.0,1489.75,639322.0,1481.67431640625
2021-07-20,1492.0,1466.5999755859375,1492.0,1477.199951171875,446751.0,1469.1922607421875
2021-07-22,1552.0,1480.9000244140625,1482.0,1543.8499755859375,672911.0,1535.48095703125
2021-07-23,1511.949951171875,1469.800048828125,1510.0,1484.800048828125,2037167.0,1476.751220703125
2021-07-26,1497.699951171875,1452.0,1495.0,1455.949951171875,823269.0,1448.0574951171875
2021-07-27,1480.25,1457.199951171875,1458.0999755859375,1474.1500244140625,493633.0,1466.158935546875
2021-07-28,1505.0,1465.0999755859375,1474.3499755859375,1499.3499755859375,616198.0,1491.2222900390625
2021-07-29,1507.8499755859375,1483.300048828125,1499.3499755859375,1495.949951171875,456612.0,1487.8406982421875
2021-07-30,1513.9000244140625,1472.550048828125,1507.9000244140625,1475.75,536774.0,1467.7501220703125
2021-08-02,1488.5999755859375,1446.0,1477.300048828125,1455.25,946078.0,1451.2950439453125
2021-08-03,1462.9000244140625,1444.25,1460.0,1449.25,790799.0,1445.311279296875
2021-08-04,1472.1500244140625,1440.0,1450.0,1445.300048828125,436733.0,1441.3720703125
2021-08-05,1461.449951171875,1437.0,1450.0,1446.5,901620.0,1442.56884765625
2021-08-06,1457.75,1440.5,1450.0,1445.9000244140625,414404.0,1441.970458984375
2021-08-09,1459.0,1429.0,1452.0,1438.5,254588.0,1434.590576171875
2021-08-10,1453.4000244140625,1420.300048828125,1444.800048828125,1436.800048828125,454307.0,1432.895263671875
2021-08-11,1448.5,1408.25,1440.0,1441.6500244140625,795227.0,1437.7320556640625
2021-08-12,1459.5,1426.5,1446.0,1450.050048828125,923594.0,1446.1092529296875
2021-08-13,1466.0,1444.5999755859375,1462.0,1450.050048828125,1030312.0,1446.1092529296875
2021-08-16,1463.0,1428.4000244140625,1455.0,1441.300048828125,678741.0,1437.3829345703125
2021-08-17,1459.5,1434.9000244140625,1448.800048828125,1450.949951171875,362506.0,1447.0067138671875
2021-08-18,1490.0,1452.300048828125,1455.0,1484.4000244140625,854268.0,1480.3658447265625
2021-08-20,1495.0,1462.0,1479.0,1472.25,771225.0,1468.248779296875
2021-08-23,1489.949951171875,1460.050048828125,1473.0,1485.9000244140625,500489.0,1481.8616943359375
2021-08-24,1503.9000244140625,1451.050048828125,1495.0,1465.25,685910.0,1461.267822265625
2021-08-25,1480.800048828125,1459.6500244140625,1464.0,1464.449951171875,328010.0,1460.469970703125
2021-08-26,1485.0,1448.0,1461.0999755859375,1471.1500244140625,777720.0,1467.15185546875
2021-08-27,1567.800048828125,1477.800048828125,1482.8499755859375,1557.699951171875,2896418.0,1553.466552734375
2021-08-30,1600.0,1565.0,1569.0,1585.1500244140625,1217030.0,1580.842041015625
2021-08-31,1601.6500244140625,1568.6500244140625,1585.0,1594.5999755859375,714442.0,1590.2662353515625
2021-09-01,1653.800048828125,1600.0,1600.0,1633.449951171875,955812.0,1629.0106201171875
2021-09-02,1657.300048828125,1601.9000244140625,1610.050048828125,1628.9000244140625,764801.0,1624.47314453125
2021-09-03,1645.0,1615.300048828125,1629.0,1629.75,478721.0,1625.32080078125
2021-09-06,1645.3499755859375,1560.550048828125,1645.3499755859375,1563.3499755859375,1124382.0,1559.1011962890625
2021-09-07,1598.0,1559.5,1565.3499755859375,1589.699951171875,1089883.0,1585.3795166015625
2021-09-08,1617.25,1581.0999755859375,1589.699951171875,1610.75,752222.0,1606.3724365234375
2021-09-09,1626.449951171875,1604.0,1618.0,1621.6500244140625,370982.0,1617.2427978515625
2021-09-13,1651.9000244140625,1610.4000244140625,1623.0,1636.8499755859375,621503.0,1632.4014892578125
2021-09-14,1629.5999755859375,1578.699951171875,1624.949951171875,1614.699951171875,1148377.0,1610.3116455078125
2021-09-15,1628.699951171875,1594.949951171875,1606.5,1611.0,773385.0,1606.6217041015625
2021-09-16,1628.75,1605.300048828125,1624.0,1616.25,513071.0,1611.857421875
2021-09-17,1621.5999755859375,1600.0,1614.9000244140625,1603.949951171875,650250.0,1599.5908203125
2021-09-20,1657.0,1582.0,1589.4000244140625,1628.1500244140625,1223575.0,1623.72509765625
2021-09-21,1642.0,1605.199951171875,1624.0,1638.050048828125,528009.0,1633.5982666015625
2021-09-22,1675.0,1618.0,1640.9000244140625,1627.699951171875,776299.0,1623.2762451171875
2021-09-23,1637.0,1570.050048828125,1629.949951171875,1576.75,1539115.0,1572.46484375
2021-09-24,1604.8499755859375,1578.0,1583.0,1587.1500244140625,976417.0,1582.8365478515625
2021-09-27,1596.0,1551.75,1590.25,1567.25,856495.0,1562.9906005859375
2021-09-28,1569.949951171875,1546.0,1566.0,1562.449951171875,509543.0,1558.20361328125
2021-09-29,1605.050048828125,1540.050048828125,1540.050048828125,1600.4000244140625,779976.0,1596.050537109375
2021-09-30,1623.550048828125,1583.0,1599.1500244140625,1589.5,733253.0,1585.18017578125
2021-10-01,1628.0,1561.300048828125,1589.0,1582.550048828125,953316.0,1578.2491455078125
2021-10-04,1606.949951171875,1567.949951171875,1592.0,1576.75,387636.0,1572.46484375
2021-10-05,1588.0,1541.550048828125,1542.25,1548.699951171875,3686947.0,1544.490966796875
2021-10-06,1560.949951171875,1544.5,1559.0,1553.5,1113928.0,1549.2779541015625
2021-10-07,1566.9000244140625,1536.0,1561.699951171875,1548.550048828125,576382.0,1544.341552734375
2021-10-08,1554.0,1520.5,1551.0,1529.4000244140625,1293018.0,1525.2435302734375
2021-10-11,1543.449951171875,1517.3499755859375,1532.800048828125,1536.5999755859375,731875.0,1532.4239501953125
2021-10-12,1546.5999755859375,1520.0999755859375,1536.0,1532.949951171875,635193.0,1528.7838134765625
2021-10-13,1542.0999755859375,1513.9000244140625,1533.550048828125,1520.3499755859375,847206.0,1516.218017578125
2021-10-14,1529.0,1514.0,1524.0,1520.25,423838.0,1516.118408203125
2021-10-18,1540.0,1518.0,1539.699951171875,1519.449951171875,516940.0,1515.3204345703125
2021-10-19,1544.5999755859375,1515.449951171875,1525.4000244140625,1529.199951171875,674830.0,1525.0439453125
2021-10-20,1535.0,1496.5999755859375,1532.0,1504.4000244140625,844842.0,1500.3115234375
2021-10-21,1526.699951171875,1485.0,1518.0,1505.4000244140625,553982.0,1501.3087158203125
2021-10-22,1530.699951171875,1491.449951171875,1512.75,1500.550048828125,941101.0,1496.471923828125
2021-10-25,1508.4000244140625,1475.550048828125,1508.4000244140625,1496.949951171875,373740.0,1492.881591796875
2021-10-26,1518.9000244140625,1493.4000244140625,1496.949951171875,1505.75,398883.0,1501.65771484375
2021-10-27,1525.949951171875,1494.949951171875,1505.0,1500.4000244140625,874605.0,1496.3223876953125
2021-10-28,1520.0,1460.25,1501.949951171875,1471.800048828125,449386.0,1467.800048828125
2021-10-29,1496.949951171875,1435.1500244140625,1472.0,1481.550048828125,358571.0,1481.550048828125
2021-11-01,1521.9000244140625,1478.050048828125,1489.0,1517.75,517466.0,1517.75
2021-11-02,1534.1500244140625,1503.25,1528.0,1508.4000244140625,714887.0,1508.4000244140625
2021-11-03,1531.949951171875,1509.0,1514.800048828125,1528.300048828125,388656.0,1528.300048828125
2021-11-04,1538.0,1524.300048828125,1529.0,1528.6500244140625,31674.0,1528.6500244140625
2021-11-08,1537.949951171875,1505.050048828125,1534.0,1510.8499755859375,773438.0,1510.8499755859375
2021-11-09,1520.0,1505.050048828125,1511.0,1508.9000244140625,332602.0,1508.9000244140625
2021-11-10,1545.0,1500.0,1503.949951171875,1527.4000244140625,1104358.0,1527.4000244140625
2021-11-11,1534.0,1501.0999755859375,1527.0,1507.800048828125,554680.0,1507.800048828125
2021-11-12,1524.5999755859375,1503.0,1519.0,1510.25,286747.0,1510.25
2021-11-15,1542.0,1502.5999755859375,1517.0,1536.550048828125,446822.0,1536.550048828125
2021-11-16,1548.25,1515.25,1543.75,1520.0,265077.0,1520.0
2021-11-17,1531.0,1510.800048828125,1511.699951171875,1529.0,566753.0,1529.0
2021-11-18,1535.75,1490.5,1529.0,1512.3499755859375,598304.0,1512.3499755859375
2021-11-22,1519.9000244140625,1457.0,1512.0,1462.3499755859375,774628.0,1462.3499755859375
2021-11-23,1473.0999755859375,1419.0,1449.9000244140625,1458.5,583697.0,1458.5
2021-11-24,1522.0,1460.0,1460.0,1487.9000244140625,1355957.0,1487.9000244140625
2021-11-25,1509.0999755859375,1470.8499755859375,1494.0,1492.949951171875,926456.0,1492.949951171875
2021-11-26,1495.0,1448.0999755859375,1490.0,1453.6500244140625,870438.0,1453.6500244140625
2021-11-29,1459.4000244140625,1419.0,1440.0,1434.25,552009.0,1434.25
2021-11-30,1454.300048828125,1425.1500244140625,1434.3499755859375,1437.3499755859375,1428578.0,1437.3499755859375
2021-12-01,1449.800048828125,1433.550048828125,1446.0,1440.5,397870.0,1440.5
2021-12-02,1472.449951171875,1437.0,1440.0,1463.699951171875,515144.0,1463.699951171875
2021-12-03,1486.4000244140625,1434.0,1475.5999755859375,1449.4000244140625,1149769.0,1449.4000244140625
2021-12-06,1463.5999755859375,1411.0,1450.050048828125,1419.4000244140625,542372.0,1419.4000244140625
2021-12-07,1440.0,1404.949951171875,1425.0,1416.3499755859375,873771.0,1416.3499755859375
2021-12-08,1450.0,1420.5,1434.050048828125,1445.0,774617.0,1445.0
2021-12-09,1451.3499755859375,1427.6500244140625,1445.0,1437.5999755859375,329879.0,1437.5999755859375
2021-12-10,1446.449951171875,1432.4000244140625,1443.300048828125,1439.9000244140625,343809.0,1439.9000244140625
2021-12-13,1445.0,1418.0,1441.0,1420.949951171875,675222.0,1420.949951171875
2021-12-14,1438.949951171875,1406.9000244140625,1423.5999755859375,1434.949951171875,496630.0,1434.949951171875
2021-12-15,1432.0,1393.9000244140625,1430.0999755859375,1400.5,704620.0,1400.5
2021-12-16,1418.3499755859375,1380.300048828125,1407.0,1408.449951171875,658200.0,1408.449951171875
2021-12-17,1412.0,1351.0,1407.199951171875,1358.75,1499248.0,1358.75
2021-12-20,1357.050048828125,1315.0,1350.0,1351.4000244140625,652830.0,1351.4000244140625
2021-12-21,1387.0999755859375,1351.4000244140625,1357.0,1369.5999755859375,861852.0,1369.5999755859375
2021-12-22,1383.0,1342.449951171875,1365.9000244140625,1345.199951171875,539391.0,1345.199951171875
2021-12-23,1365.949951171875,1343.8499755859375,1348.0,1353.8499755859375,510565.0,1353.8499755859375
2021-12-24,1361.5,1335.0999755859375,1360.0,1340.3499755859375,234118.0,1340.3499755859375
2021-12-27,1353.199951171875,1327.5,1338.0,1346.6500244140625,265507.0,1346.6500244140625
2021-12-28,1404.0,1349.699951171875,1351.6500244140625,1389.300048828125,792097.0,1389.300048828125
2021-12-29,1407.25,1375.449951171875,1397.1500244140625,1380.199951171875,595610.0,1380.199951171875
2021-12-30,1379.9000244140625,1358.949951171875,1378.8499755859375,1373.8499755859375,373434.0,1373.8499755859375
2021-12-31,1406.949951171875,1372.75,1373.8499755859375,1401.25,343301.0,1401.25
2022-01-03,1431.300048828125,1398.25,1402.0,1409.800048828125,295484.0,1409.800048828125
2022-01-04,1438.0,1415.0,1417.0,1423.5999755859375,390918.0,1423.5999755859375
2022-01-05,1456.199951171875,1425.5,1429.9000244140625,1449.550048828125,344446.0,1449.550048828125
2022-01-06,1459.0,1430.25,1430.25,1448.949951171875,312701.0,1448.949951171875
2022-01-07,1464.9000244140625,1439.5999755859375,1441.0,1446.550048828125,334076.0,1446.550048828125
2022-01-10,1472.0,1435.0,1460.949951171875,1444.800048828125,302135.0,1444.800048828125
2022-01-11,1449.800048828125,1418.5,1435.0,1426.550048828125,679549.0,1426.550048828125
2022-01-12,1434.0,1414.0,1429.9000244140625,1427.0999755859375,344002.0,1427.0999755859375
2022-01-13,1446.3499755859375,1408.1500244140625,1428.300048828125,1410.0,730701.0,1410.0
2022-01-14,1427.75,1401.550048828125,1402.5,1415.550048828125,357396.0,1415.550048828125
2022-01-17,1464.300048828125,1415.550048828125,1415.550048828125,1432.3499755859375,491451.0,1432.3499755859375
2022-01-18,1465.0,1414.449951171875,1460.0,1447.5999755859375,1692259.0,1447.5999755859375
2022-01-19,1455.9000244140625,1412.0999755859375,1455.9000244140625,1423.0,452596.0,1423.0
2022-01-20,1394.0,1318.0999755859375,1394.0,1386.4000244140625,2296373.0,1386.4000244140625
2022-01-21,1399.0999755859375,1356.0,1360.0999755859375,1381.6500244140625,536891.0,1381.6500244140625
2022-01-24,1379.4000244140625,1325.550048828125,1378.0,1331.0,763104.0,1331.0
2022-01-25,1355.449951171875,1305.0,1331.0,1346.1500244140625,1105736.0,1346.1500244140625
2022-01-27,1389.949951171875,1318.050048828125,1333.9000244140625,1373.199951171875,809958.0,1373.199951171875
2022-01-28,1415.800048828125,1366.0,1366.0,1373.199951171875,506536.0,1373.199951171875
2022-01-31,1397.4000244140625,1361.0,1383.0,1369.0999755859375,1035056.0,1369.0999755859375
2022-02-01,1402.8499755859375,1365.699951171875,1374.0,1369.1500244140625,857386.0,1369.1500244140625
2022-02-02,1397.550048828125,1370.0,1370.0,1383.949951171875,410524.0,1383.949951171875
2022-02-03,1391.0,1366.699951171875,1383.0,1384.4000244140625,316535.0,1384.4000244140625
2022-02-04,1391.300048828125,1353.0,1387.0,1364.8499755859375,660886.0,1364.8499755859375
2022-02-07,1372.449951171875,1326.0999755859375,1360.0999755859375,1337.0,972861.0,1337.0
2022-02-08,1388.699951171875,1336.949951171875,1337.0,1366.199951171875,1016198.0,1366.199951171875
2022-02-09,1378.199951171875,1351.0,1373.949951171875,1366.8499755859375,604378.0,1366.8499755859375
2022-02-10,1366.199951171875,1338.0999755859375,1366.199951171875,1344.25,579032.0,1344.25
2022-02-11,1356.4000244140625,1315.75,1340.0,1343.5,837852.0,1343.5
2022-02-14,1327.8499755859375,1280.25,1325.0,1285.75,970046.0,1285.75
2022-02-15,1299.949951171875,1274.0,1285.75,1295.0999755859375,739559.0,1295.0999755859375
2022-02-16,1304.0,1282.0,1296.0,1287.0999755859375,427094.0,1287.0999755859375
2022-02-17,1306.4000244140625,1284.0,1284.0,1297.0,655859.0,1297.0
2022-02-18,1302.4000244140625,1275.0,1296.8499755859375,1282.5999755859375,391940.0,1282.5999755859375
2022-02-21,1284.800048828125,1255.0999755859375,1275.0,1266.75,581516.0,1266.75
2022-02-22,1287.5,1235.0,1247.0,1275.75,668981.0,1275.75
2022-02-23,1288.0,1266.1500244140625,1277.5,1279.9000244140625,549493.0,1279.9000244140625
2022-02-24,1270.0,1235.0,1259.800048828125,1240.8499755859375,838799.0,1240.8499755859375
2022-02-25,1280.0,1241.0,1241.0,1272.300048828125,402028.0,1272.300048828125
2022-02-28,1273.800048828125,1225.949951171875,1259.0,1263.800048828125,1341945.0,1263.800048828125
2022-03-02,1262.0,1238.0,1257.5,1251.550048828125,915621.0,1251.550048828125
2022-03-03,1278.0,1239.0,1278.0,1240.550048828125,507149.0,1240.550048828125
2022-03-04,1236.0,1207.0,1235.0,1218.300048828125,1697979.0,1218.300048828125
2022-03-07,1226.199951171875,1192.0,1219.0,1205.3499755859375,711060.0,1205.3499755859375
2022-03-08,1234.1500244140625,1198.050048828125,1200.0,1217.6500244140625,1009790.0,1217.6500244140625
2022-03-09,1246.0,1204.949951171875,1237.9000244140625,1236.0999755859375,1380187.0,1236.0999755859375
2022-03-10,1284.800048828125,1248.0,1260.0,1260.1500244140625,1099064.0,1260.1500244140625
2022-03-11,1265.0,1248.550048828125,1260.0,1256.0,670143.0,1256.0
2022-03-14,1270.3499755859375,1228.5,1264.0,1257.0999755859375,454323.0,1257.0999755859375
2022-03-15,1267.5999755859375,1203.449951171875,1254.0999755859375,1210.699951171875,807720.0,1210.699951171875
2022-03-16,1248.25,1208.5999755859375,1220.199951171875,1219.199951171875,1180168.0,1219.199951171875
2022-03-17,1274.25,1214.4000244140625,1242.0,1269.4000244140625,1520083.0,1269.4000244140625
2022-03-21,1277.949951171875,1238.0,1277.949951171875,1240.550048828125,587899.0,1240.550048828125
2022-03-22,1253.0,1224.0999755859375,1240.6500244140625,1250.4000244140625,388976.0,1250.4000244140625
2022-03-23,1271.800048828125,1247.9000244140625,1251.0,1252.5,628795.0,1252.5
2022-03-24,1256.75,1237.5999755859375,1248.0,1244.1500244140625,532228.0,1244.1500244140625
2022-03-25,1274.449951171875,1248.0,1250.0,1265.550048828125,1058844.0,1265.550048828125
2022-03-28,1274.0,1242.050048828125,1274.0,1265.75,618924.0,1265.75
2022-03-29,1284.4000244140625,1263.6500244140625,1265.75,1275.8499755859375,349086.0,1275.8499755859375
2022-03-30,1336.3499755859375,1275.8499755859375,1275.8499755859375,1329.9000244140625,650566.0,1329.9000244140625
2022-03-31,1346.5,1317.949951171875,1326.1500244140625,1328.300048828125,649870.0,1328.300048828125
2022-04-01,1353.1500244140625,1316.949951171875,1321.0999755859375,1348.5999755859375,212179.0,1348.5999755859375
