Date,High,Low,Open,Close,Volume,Adj Close
2019-10-14,148.75999450683594,125.0,125.19999694824219,145.5500030517578,226353035.0,139.15985107421875
2019-10-15,149.47999572753906,139.2100067138672,147.1999969482422,142.6300048828125,52650205.0,136.36805725097656
2019-10-16,144.1999969482422,139.64999389648438,142.8000030517578,140.1300048828125,17381530.0,133.97781372070312
2019-10-17,146.60000610351562,137.42999267578125,140.02000427246094,144.86000061035156,25164650.0,138.5001220703125
2019-10-18,157.97999572753906,143.2100067138672,145.0,155.8300018310547,48666150.0,148.988525390625
2019-10-22,173.35000610351562,156.1999969482422,157.38999938964844,168.94000244140625,46733940.0,161.52293395996094
2019-10-23,181.97999572753906,173.1999969482422,173.1999969482422,180.05999755859375,45116345.0,172.15472412109375
2019-10-24,190.6999969482422,172.52999877929688,184.99000549316406,180.41000366210938,59356565.0,172.48934936523438
2019-10-25,183.1999969482422,175.1999969482422,181.0,179.80999755859375,19247675.0,171.91571044921875
2019-10-27,185.0,179.0,182.1999969482422,181.5399932861328,6711285.0,173.56973266601562
2019-10-29,181.47999572753906,175.72999572753906,181.39999389648438,176.6199951171875,10118740.0,168.86575317382812
2019-10-30,184.0,176.1699981689453,176.1999969482422,178.08999633789062,16381015.0,170.27120971679688
2019-10-31,181.5399932861328,175.39999389648438,180.0,176.33999633789062,9198590.0,168.5980682373047
2019-11-01,181.58999633789062,176.6199951171875,177.0,178.10000610351562,9411150.0,170.28079223632812
2019-11-04,179.60000610351562,176.0500030517578,179.0,176.69000244140625,4195835.0,168.9326934814453
2019-11-05,181.39999389648438,174.25999450683594,177.33999633789062,176.3000030517578,10190335.0,168.559814453125
2019-11-06,179.0,176.1999969482422,177.0,176.86000061035156,4950450.0,169.09523010253906
2019-11-07,178.39999389648438,176.02000427246094,177.8000030517578,176.3000030517578,3875510.0,168.559814453125
2019-11-08,178.1999969482422,174.4600067138672,175.9499969482422,175.3800048828125,4743845.0,167.68020629882812
2019-11-11,188.6699981689453,176.8000030517578,177.1999969482422,186.5800018310547,27509375.0,178.38848876953125
2019-11-13,196.17999267578125,180.63999938964844,191.0,186.41000366210938,30872350.0,178.22596740722656
2019-11-14,189.39999389648438,179.39999389648438,183.0,181.4600067138672,14336980.0,173.4932861328125
2019-11-15,187.9600067138672,180.39999389648438,184.0,185.63999938964844,15970190.0,177.48974609375
2019-11-18,187.5800018310547,183.41000366210938,186.82000732421875,184.42999267578125,5720000.0,176.33285522460938
2019-11-19,184.8000030517578,180.0,184.5500030517578,180.50999450683594,5522965.0,172.58497619628906
2019-11-20,183.39999389648438,178.0,181.8000030517578,179.13999938964844,6322985.0,171.27513122558594
2019-11-21,181.1999969482422,176.02000427246094,179.60000610351562,176.9600067138672,6485590.0,169.1908416748047
2019-11-22,177.8000030517578,174.47999572753906,177.8000030517578,175.17999267578125,3738365.0,167.4889678955078
2019-11-25,178.0,174.6199951171875,175.8000030517578,176.42999267578125,3437825.0,168.68409729003906
2019-11-26,179.0,175.10000610351562,177.39999389648438,175.74000549316406,3971740.0,168.0244140625
2019-11-27,178.1999969482422,176.0,176.22000122070312,176.64999389648438,2933130.0,168.89443969726562
2019-11-28,177.55999755859375,175.6199951171875,176.99000549316406,176.49000549316406,2078740.0,168.74147033691406
2019-11-29,183.74000549316406,175.60000610351562,176.42999267578125,179.4499969482422,8998765.0,171.57151794433594
2019-12-02,180.57000732421875,175.6300048828125,180.39999389648438,176.2100067138672,2332100.0,168.4737548828125
2019-12-03,177.8000030517578,174.1999969482422,177.1999969482422,175.0,2754285.0,167.31689453125
2019-12-04,177.0,172.4600067138672,174.39999389648438,174.82000732421875,3705230.0,167.14479064941406
2019-12-05,177.77999877929688,174.39999389648438,175.89999389648438,175.19000244140625,2634880.0,167.49855041503906
2019-12-06,175.72999572753906,173.6300048828125,175.39999389648438,174.47000122070312,1776855.0,166.81015014648438
2019-12-09,175.30999755859375,172.8300018310547,175.30999755859375,173.47999572753906,1771245.0,165.86361694335938
2019-12-10,173.9600067138672,171.05999755859375,173.9600067138672,172.17999267578125,1974045.0,164.6206817626953
2019-12-11,173.99000549316406,171.10000610351562,172.77999877929688,172.92999267578125,2205205.0,165.33775329589844
2019-12-12,175.60000610351562,172.02000427246094,173.0,173.97999572753906,1451385.0,166.34165954589844
2019-12-13,180.67999267578125,174.02000427246094,174.85000610351562,178.10000610351562,7002525.0,170.28079223632812
2019-12-16,178.89999389648438,176.42999267578125,178.89999389648438,177.33999633789062,1780960.0,169.55413818359375
2019-12-17,179.6999969482422,176.60000610351562,177.8000030517578,177.35000610351562,2816655.0,169.56373596191406
2019-12-18,177.5,174.66000366210938,177.36000061035156,175.07000732421875,1424660.0,167.38381958007812
2019-12-19,175.1999969482422,173.24000549316406,174.44000244140625,173.94000244140625,1513725.0,166.3034210205078
2019-12-20,174.8000030517578,173.10000610351562,174.8000030517578,173.3699951171875,1306000.0,165.75843811035156
2019-12-23,174.0,172.1999969482422,173.60000610351562,172.9499969482422,1641045.0,165.3568878173828
2019-12-24,179.9600067138672,175.0399932861328,177.0,177.50999450683594,12020790.0,169.71669006347656
2019-12-26,177.60000610351562,174.89999389648438,177.1999969482422,175.3800048828125,1962805.0,167.68020629882812
2019-12-27,177.0800018310547,175.39999389648438,176.38999938964844,176.1199951171875,2102615.0,168.38771057128906
2019-12-30,187.49000549316406,176.66000366210938,177.0500030517578,185.22999572753906,15237855.0,177.09774780273438
2019-12-31,190.94000244140625,184.25999450683594,186.39999389648438,186.69000244140625,19445900.0,178.49365234375
2020-01-01,190.77000427246094,186.9600067138672,188.3800048828125,188.8699951171875,8593275.0,180.57794189453125
2020-01-02,188.8000030517578,185.41000366210938,188.8000030517578,186.0800018310547,3287655.0,177.9104461669922
2020-01-03,188.6999969482422,185.50999450683594,185.60000610351562,186.27999877929688,4342850.0,178.10165405273438
2020-01-06,185.41000366210938,178.02000427246094,185.39999389648438,178.88999938964844,3923670.0,171.0360870361328
2020-01-07,184.3000030517578,179.39999389648438,179.39999389648438,181.47999572753906,3486795.0,173.5123748779297
2020-01-08,180.52000427246094,177.25999450683594,179.8000030517578,179.22999572753906,2770350.0,171.36117553710938
2020-01-09,184.1199951171875,182.0,182.07000732421875,182.72999572753906,2997000.0,174.70748901367188
2020-01-10,185.47999572753906,181.72999572753906,182.39999389648438,183.4499969482422,2543885.0,175.39590454101562
2020-01-13,188.55999755859375,183.2100067138672,184.0,187.8300018310547,3914925.0,179.5836181640625
2020-01-14,196.74000549316406,188.41000366210938,189.0,194.8300018310547,14487235.0,186.2762908935547
2020-01-15,199.1999969482422,194.77000427246094,195.60000610351562,197.0800018310547,8562850.0,188.42750549316406
2020-01-16,201.6699981689453,196.9499969482422,196.9600067138672,200.72999572753906,7607070.0,191.91725158691406
2020-01-17,205.0,202.0,202.0,204.3699951171875,5496735.0,195.3974151611328
2020-01-20,205.63999938964844,197.61000061035156,205.44000244140625,198.6699981689453,4438240.0,189.9476776123047
2020-01-21,198.8800048828125,195.60000610351562,198.47999572753906,196.5500030517578,2882445.0,187.9207763671875
2020-01-22,201.1999969482422,197.39999389648438,198.0,199.3699951171875,2970515.0,190.61695861816406
2020-01-23,200.14999389648438,197.8000030517578,199.72000122070312,199.10000610351562,1633700.0,190.35882568359375
2020-01-24,202.52000427246094,198.4199981689453,200.0,200.5399932861328,2432850.0,191.735595703125
2020-01-27,203.49000549316406,199.0,200.3800048828125,201.52000427246094,2760640.0,192.6725616455078
2020-01-28,211.97999572753906,202.02999877929688,202.72000122070312,209.74000549316406,6514465.0,200.5316925048828
2020-01-29,225.97999572753906,212.6999969482422,214.5,223.27999877929688,14390900.0,213.47720336914062
2020-01-30,232.8000030517578,223.2100067138672,226.55999755859375,227.42999267578125,19073065.0,217.4450225830078
2020-01-31,247.0,229.2100067138672,230.4199981689453,242.05999755859375,16631450.0,231.43270874023438
2020-02-03,252.60000610351562,237.2100067138672,238.8699951171875,250.1699981689453,14263290.0,239.1866455078125
2020-02-04,287.6000061035156,257.20001220703125,258.0,282.5299987792969,32973625.0,270.1259460449219
2020-02-05,309.55999755859375,288.20001220703125,291.3999938964844,301.7099914550781,54801510.0,288.4638671875
2020-02-06,312.6000061035156,294.3999938964844,306.3999938964844,300.8599853515625,27968115.0,287.65118408203125
2020-02-07,305.6000061035156,296.3999938964844,300.0,302.70001220703125,11897055.0,289.410400390625
2020-02-10,307.6000061035156,293.20001220703125,304.7799987792969,296.0400085449219,14954080.0,283.0428161621094
2020-02-11,301.0,275.7200012207031,299.0400085449219,281.6000061035156,14445050.0,269.2367858886719
2020-02-12,290.0,270.0,279.0,283.04998779296875,26712510.0,270.62310791015625
2020-02-13,321.9599914550781,303.07000732421875,316.70001220703125,316.07000732421875,56906935.0,302.19342041015625
2020-02-14,320.7799987792969,309.7200012207031,319.79998779296875,311.4800109863281,16647740.0,297.8049621582031
2020-02-17,313.0,302.0,312.9800109863281,303.7300109863281,7844795.0,290.3952331542969
2020-02-18,329.6000061035156,297.0,303.0,327.7200012207031,37932555.0,313.33197021484375
2020-02-19,374.5400085449219,331.67999267578125,333.260009765625,366.3800048828125,66560220.0,350.294677734375
2020-02-20,395.3999938964844,372.4100036621094,374.0,386.010009765625,60260010.0,369.0628356933594
2020-02-24,397.9800109863281,362.3999938964844,380.0,384.70001220703125,49287130.0,377.59228515625
2020-02-25,398.79998779296875,383.3999938964844,384.6600036621094,390.3900146484375,28821120.0,383.1771545410156
2020-02-26,396.739990234375,388.0,391.79998779296875,390.3299865722656,18443625.0,383.11822509765625
2020-02-27,394.0,377.760009765625,393.3999938964844,381.8800048828125,17376895.0,374.8243713378906
2020-02-28,373.17999267578125,346.260009765625,368.3999938964844,348.760009765625,25451290.0,342.3162841796875
2020-03-02,374.739990234375,327.2900085449219,362.0,344.6499938964844,24522045.0,338.2822265625
2020-03-03,361.79998779296875,337.30999755859375,354.0,347.8599853515625,21576015.0,341.4328918457031
2020-03-04,353.0,313.0799865722656,350.3999938964844,313.0799865722656,22030465.0,307.2955017089844
2020-03-05,304.989990234375,282.2200012207031,301.3999938964844,286.1700134277344,38036670.0,280.8826904296875
2020-03-06,271.8699951171875,271.8699951171875,271.8699951171875,271.8699951171875,1160040.0,266.846923828125
2020-03-09,258.2799987792969,258.2799987792969,258.2799987792969,258.2799987792969,675325.0,253.5080108642578
2020-03-11,271.19000244140625,245.3699951171875,245.3699951171875,257.07000732421875,20419620.0,252.3203582763672
2020-03-12,244.22000122070312,244.22000122070312,244.22000122070312,244.22000122070312,677425.0,239.70777893066406
2020-03-13,253.75999450683594,232.00999450683594,232.00999450683594,245.5500030517578,15914735.0,241.01319885253906
2020-03-16,239.60000610351562,233.27999877929688,236.22000122070312,233.27999877929688,6725625.0,228.9698944091797
2020-03-17,235.75999450683594,221.6199951171875,230.39999389648438,221.6199951171875,8989995.0,217.52532958984375
2020-03-18,217.58999633789062,210.5399932861328,215.32000732421875,210.5399932861328,2059540.0,206.65003967285156
2020-03-19,206.60000610351562,200.02000427246094,200.02000427246094,200.02000427246094,3359100.0,196.32443237304688
2020-03-20,201.0,190.02000427246094,194.0500030517578,190.1999969482422,15339665.0,186.68585205078125
2020-03-23,180.69000244140625,180.69000244140625,180.69000244140625,180.69000244140625,831170.0,177.3515625
2020-03-24,175.58999633789062,171.66000366210938,172.1999969482422,171.66000366210938,1346635.0,168.4884033203125
2020-03-25,165.0,163.0800018310547,164.0500030517578,163.0800018310547,1476345.0,160.0669403076172
2020-03-26,171.22999572753906,154.92999267578125,154.92999267578125,171.22999572753906,5266130.0,168.06634521484375
2020-03-27,179.7899932861328,179.7899932861328,179.7899932861328,179.7899932861328,797295.0,176.4681854248047
2020-03-30,188.77000427246094,171.6300048828125,177.97999572753906,187.16000366210938,9125940.0,183.7020263671875
2020-03-31,196.50999450683594,196.50999450683594,196.50999450683594,196.50999450683594,323060.0,192.87925720214844
2020-04-01,206.3300018310547,206.3300018310547,206.3300018310547,206.3300018310547,280930.0,202.51783752441406
2020-04-03,216.63999938964844,216.63999938964844,216.63999938964844,216.63999938964844,1114130.0,212.63734436035156
2020-04-07,227.47000122070312,219.8000030517578,222.0,227.47000122070312,2977140.0,223.2672576904297
2020-04-08,238.83999633789062,238.83999633789062,238.83999633789062,238.83999633789062,481645.0,234.4271697998047
2020-04-09,250.77999877929688,250.77999877929688,250.77999877929688,250.77999877929688,513775.0,246.14657592773438
2020-04-13,263.30999755859375,240.02000427246094,251.8000030517578,258.1600036621094,18673095.0,253.39022827148438
2020-04-15,257.760009765625,245.25999450683594,245.25999450683594,246.11000061035156,7513670.0,241.56285095214844
2020-04-16,258.4100036621094,238.0,244.8000030517578,258.4100036621094,6640150.0,253.63560485839844
2020-04-17,271.3299865722656,261.7300109863281,271.3299865722656,271.3299865722656,9751210.0,266.3168640136719
2020-04-20,284.8900146484375,274.0,281.3999938964844,284.8900146484375,5904465.0,279.6263732910156
2020-04-21,297.0,276.0,282.0,292.4200134277344,12942850.0,287.01727294921875
2020-04-22,301.79998779296875,280.2200012207031,296.0,286.8900146484375,10123290.0,281.58941650390625
2020-04-23,289.7900085449219,273.1099853515625,288.0,274.2699890136719,7430780.0,269.2025451660156
2020-04-24,269.54998779296875,260.55999755859375,266.0,260.55999755859375,4558270.0,255.7458953857422
2020-04-27,265.9800109863281,248.1699981689453,252.39999389648438,253.52999877929688,7345540.0,248.8457794189453
2020-04-28,266.20001220703125,247.0,256.0,265.67999267578125,10009745.0,260.77130126953125
2020-04-29,272.79998779296875,261.1099853515625,272.79998779296875,263.79998779296875,6271095.0,258.9259948730469
2020-04-30,268.989990234375,263.0,268.0,264.8699951171875,3995625.0,259.9762268066406
2020-05-04,260.79998779296875,254.02000427246094,254.02000427246094,256.4700012207031,3829230.0,251.7314453125
2020-05-05,261.9599914550781,252.0,261.0,252.39999389648438,3284695.0,247.73663330078125
2020-05-06,253.77999877929688,240.4499969482422,252.8000030517578,243.24000549316406,4604495.0,238.7458953857422
2020-05-07,249.7899932861328,238.0,243.8800048828125,242.91000366210938,5116205.0,238.42198181152344
2020-05-08,255.0500030517578,244.39999389648438,246.0,248.3000030517578,9340630.0,243.71240234375
2020-05-11,260.7099914550781,260.7099914550781,260.7099914550781,260.7099914550781,646280.0,255.89309692382812
2020-05-12,273.739990234375,273.739990234375,273.739990234375,273.739990234375,860400.0,268.6823425292969
2020-05-13,287.4200134277344,275.20001220703125,287.4200134277344,287.4200134277344,11339175.0,282.109619140625
2020-05-14,295.0,276.5299987792969,293.989990234375,277.8399963378906,19010370.0,272.70660400390625
2020-05-15,275.4800109863281,265.1300048828125,268.3999938964844,266.0199890136719,6426190.0,261.1050109863281
2020-05-18,262.989990234375,252.72000122070312,262.1000061035156,252.72000122070312,4313685.0,248.0507354736328
2020-05-19,261.989990234375,249.1300048828125,253.0,253.97999572753906,6044500.0,249.28744506835938
2020-05-20,266.6700134277344,266.6700134277344,266.6700134277344,266.6700134277344,2592840.0,261.7430114746094
2020-05-21,280.0,280.0,280.0,280.0,932825.0,274.8266906738281
2020-05-22,292.0,280.0,289.79998779296875,284.5400085449219,13014475.0,279.2828369140625
2020-05-26,289.79998779296875,274.6000061035156,289.79998779296875,275.54998779296875,5837790.0,270.45892333984375
2020-05-27,282.9800109863281,266.20001220703125,269.3999938964844,278.3500061035156,6029400.0,273.20721435546875
2020-05-28,280.79998779296875,272.3999938964844,277.79998779296875,276.260009765625,3602915.0,271.15582275390625
2020-05-29,284.3999938964844,273.2699890136719,276.0,282.07000732421875,6210850.0,276.85845947265625
2020-06-01,290.0,282.2799987792969,290.0,283.1499938964844,4756855.0,277.91851806640625
2020-06-02,285.0,280.3999938964844,284.3999938964844,281.9700012207031,3180730.0,276.76031494140625
2020-06-03,284.3299865722656,277.79998779296875,283.0,278.510009765625,4156685.0,273.3642578125
2020-06-04,287.9800109863281,276.32000732421875,279.5,286.2900085449219,9243615.0,281.00048828125
2020-06-05,297.5,287.20001220703125,291.7799987792969,291.239990234375,13630720.0,285.8590087890625
2020-06-08,319.0,291.7699890136719,294.0,306.42999267578125,21675725.0,300.76837158203125
2020-06-09,314.0,294.3999938964844,309.20001220703125,298.67999267578125,8001035.0,293.16156005859375
2020-06-10,301.3699951171875,287.3999938964844,299.20001220703125,290.9100036621094,5599610.0,285.53509521484375
2020-06-11,295.5899963378906,285.1099853515625,290.8999938964844,286.6700134277344,4297205.0,281.37347412109375
2020-06-12,288.79998779296875,268.20001220703125,268.20001220703125,285.04998779296875,7700555.0,279.78338623046875
2020-06-15,289.79998779296875,282.1300048828125,285.0,284.6499938964844,3668070.0,279.3907775878906
2020-06-16,290.54998779296875,276.1600036621094,289.0,282.2099914550781,4455950.0,276.9958801269531
2020-06-17,283.55999755859375,277.2099914550781,278.0,279.0199890136719,2552960.0,273.8647766113281
2020-06-18,285.5400085449219,278.2699890136719,280.0,281.9200134277344,3245460.0,276.71124267578125
2020-06-19,289.20001220703125,283.0,284.0,284.7900085449219,7500115.0,279.5282287597656
2020-06-22,288.3999938964844,282.4200134277344,286.0,283.2799987792969,3847495.0,278.0461120605469
2020-06-23,299.5,283.6000061035156,285.20001220703125,290.1600036621094,12755875.0,284.7989807128906
2020-06-24,295.79998779296875,283.4599914550781,292.3900146484375,284.20001220703125,5628365.0,278.9490966796875
2020-06-25,285.989990234375,278.3999938964844,282.0,282.4700012207031,3444185.0,277.25103759765625
2020-06-26,280.79998779296875,268.0,269.79998779296875,276.45001220703125,8639075.0,271.34228515625
2020-06-29,274.0,270.010009765625,274.0,271.1700134277344,3582780.0,266.15985107421875
2020-06-30,276.989990234375,271.2200012207031,274.0,271.7300109863281,2741800.0,266.70953369140625
2020-07-01,275.3999938964844,271.20001220703125,272.7300109863281,272.6099853515625,1913900.0,267.5732116699219
2020-07-02,293.55999755859375,279.05999755859375,288.0,282.4700012207031,10791955.0,277.25103759765625
2020-07-03,285.0,279.6000061035156,283.0,281.0199890136719,2996775.0,275.827880859375
2020-07-06,283.1000061035156,278.79998779296875,281.1000061035156,280.1499938964844,3074475.0,274.97393798828125
2020-07-07,282.20001220703125,278.010009765625,282.0,279.4800109863281,2400385.0,274.31634521484375
2020-07-08,282.6700134277344,276.9200134277344,279.3999938964844,278.0199890136719,2361305.0,272.88330078125
2020-07-09,280.0,276.2300109863281,279.20001220703125,277.010009765625,1764935.0,271.8919372558594
2020-07-10,288.79998779296875,272.0,275.0,280.19000244140625,9159430.0,275.0132141113281
2020-07-13,288.79998779296875,277.2699890136719,288.79998779296875,279.4700012207031,6623445.0,274.3065185546875
2020-07-14,277.3999938964844,271.1099853515625,277.3999938964844,272.42999267578125,3777750.0,267.3965759277344
2020-07-15,275.79998779296875,270.0,273.0299987792969,270.3900146484375,2770445.0,265.3942565917969
2020-07-16,275.79998779296875,267.0,271.0,272.8399963378906,2641795.0,267.7989807128906
2020-07-17,280.0,273.3399963378906,274.79998779296875,274.19000244140625,4036710.0,269.1240539550781
2020-07-20,277.79998779296875,274.20001220703125,276.0,275.2900085449219,2525770.0,270.2037353515625
2020-07-21,282.44000244140625,275.2900085449219,276.29998779296875,278.0400085449219,5775745.0,272.9029235839844
2020-07-22,279.739990234375,274.0,279.0,274.5899963378906,2290635.0,269.5166931152344
2020-07-23,277.20001220703125,273.010009765625,274.6199951171875,274.29998779296875,2095710.0,269.23199462890625
2020-07-24,274.3999938964844,271.20001220703125,273.0199890136719,271.57000732421875,1880755.0,266.5524597167969
2020-07-27,272.2099914550781,268.4100036621094,271.6000061035156,268.9700012207031,1604305.0,264.00048828125
2020-07-28,270.79998779296875,268.0,269.0,269.1099853515625,1281805.0,264.1379089355469
2020-07-29,273.79998779296875,268.6099853515625,269.0,270.54998779296875,1927480.0,265.5513000488281
2020-07-30,271.989990234375,268.0,270.20001220703125,268.1400146484375,1308100.0,263.18585205078125
2020-07-31,269.3399963378906,266.42999267578125,269.1600036621094,267.1700134277344,1074270.0,262.2337341308594
2020-08-03,272.3999938964844,266.8399963378906,267.3999938964844,267.94000244140625,1467075.0,262.9895324707031
2020-08-04,269.5799865722656,267.0400085449219,267.20001220703125,267.9599914550781,1132335.0,263.0091247558594
2020-08-05,269.3999938964844,267.0,269.0,267.3900146484375,1106145.0,262.4496765136719
2020-08-06,269.4100036621094,266.0400085449219,267.5,266.9100036621094,1501335.0,261.9785461425781
2020-08-07,267.79998779296875,266.0,267.0,266.2699890136719,1351535.0,261.3503723144531
2020-08-10,267.3999938964844,264.0899963378906,266.3999938964844,264.75,1538625.0,259.85845947265625
2020-08-11,276.8599853515625,263.010009765625,264.79998779296875,274.4100036621094,5547105.0,269.3399963378906
2020-08-12,282.79998779296875,270.0,270.0,277.3599853515625,8819995.0,272.2354736328125
2020-08-13,282.3800048828125,275.0199890136719,279.6000061035156,276.82000732421875,3442470.0,271.7054748535156
2020-08-14,281.8999938964844,270.010009765625,277.010009765625,273.7200012207031,4930300.0,268.6627197265625
2020-08-17,280.7200012207031,272.05999755859375,275.6000061035156,276.7099914550781,4352715.0,271.5975036621094
2020-08-18,277.9800109863281,275.0,276.0,275.5299987792969,1710000.0,270.4393005371094
2020-08-19,280.3999938964844,267.6000061035156,277.20001220703125,272.3599853515625,6399090.0,267.32781982421875
2020-08-20,271.489990234375,266.45001220703125,269.0,269.4100036621094,3052855.0,264.4323425292969
2020-08-21,271.7799987792969,267.1000061035156,270.0199890136719,268.3599853515625,2138085.0,263.4017639160156
2020-08-24,270.0,267.05999755859375,268.3999938964844,267.6199951171875,1747775.0,262.6754150390625
2020-08-25,271.1300048828125,268.0,269.6000061035156,268.3500061035156,1822090.0,263.3919677734375
2020-08-26,277.44000244140625,268.44000244140625,269.010009765625,273.8599853515625,5510310.0,268.8001403808594
2020-08-27,276.79998779296875,273.0,274.8999938964844,273.5,1648005.0,268.44677734375
2020-08-28,275.9599914550781,272.510009765625,273.20001220703125,273.29998779296875,1618380.0,268.25048828125
2020-08-31,279.79998779296875,267.20001220703125,279.79998779296875,268.8500061035156,2913125.0,263.8827209472656
2020-09-01,273.0,267.20001220703125,267.20001220703125,270.29998779296875,1672645.0,265.305908203125
2020-09-02,273.9800109863281,270.6199951171875,272.6000061035156,271.95001220703125,1232560.0,266.9254455566406
2020-09-03,277.6000061035156,272.239990234375,273.20001220703125,273.739990234375,2498060.0,268.6823425292969
2020-09-04,273.79998779296875,269.6000061035156,269.6000061035156,273.0400085449219,1590560.0,267.9953308105469
2020-09-07,290.3299865722656,273.20001220703125,278.0,282.9700012207031,16053985.0,277.7418212890625
2020-09-08,291.9800109863281,270.0,284.20001220703125,275.8900146484375,16003690.0,270.79266357421875
2020-09-09,271.739990234375,264.2300109863281,270.0,269.7799987792969,9501855.0,264.7955322265625
2020-09-10,276.7900085449219,270.0299987792969,272.0,274.1700134277344,3343925.0,269.10443115234375
2020-09-11,275.20001220703125,270.20001220703125,273.8999938964844,274.1099853515625,2226795.0,269.0455017089844
2020-09-14,277.6000061035156,270.0,272.0,273.57000732421875,4307100.0,268.5155029296875
2020-09-15,277.6000061035156,272.2300109863281,275.0,273.9599914550781,1492300.0,268.8982849121094
2020-09-16,275.3999938964844,272.79998779296875,275.20001220703125,273.4800109863281,1160655.0,268.42718505859375
2020-09-17,274.82000732421875,271.79998779296875,272.20001220703125,274.1400146484375,1654570.0,269.0749816894531
2020-09-18,284.0,274.1400146484375,275.20001220703125,281.07000732421875,3765725.0,275.876953125
2020-09-21,286.0,276.0,285.0,279.4700012207031,4736910.0,274.3065185546875
2020-09-22,278.0,266.0199890136719,278.0,271.1400146484375,2845595.0,266.13043212890625
2020-09-23,276.0,270.6499938964844,273.0,274.57000732421875,1373740.0,269.4970397949219
2020-09-24,273.20001220703125,266.3999938964844,270.57000732421875,267.7699890136719,1996385.0,262.8226318359375
2020-09-25,272.0,268.0,272.0,270.4100036621094,1113420.0,265.41387939453125
2020-09-28,274.5,271.0,272.0,273.4100036621094,1182090.0,268.35845947265625
2020-09-29,279.0,272.79998779296875,274.0,276.6700134277344,2185520.0,271.5582275390625
2020-09-30,283.8999938964844,273.739990234375,276.67999267578125,276.79998779296875,3184865.0,271.6858215332031
2020-10-01,282.0,274.0,282.0,275.8599853515625,1485980.0,270.76318359375
2020-10-05,278.2099914550781,271.25,278.0,275.2099914550781,2033715.0,270.12518310546875
2020-10-06,274.6000061035156,272.0,272.6000061035156,272.7699890136719,1014955.0,267.73028564453125
2020-10-07,275.29998779296875,269.79998779296875,274.0,271.3800048828125,1969740.0,266.365966796875
2020-10-08,273.989990234375,270.0,273.6000061035156,271.1199951171875,1342420.0,266.11077880859375
2020-10-09,273.29998779296875,269.70001220703125,273.29998779296875,270.20001220703125,756020.0,265.2077941894531
2020-10-12,273.9599914550781,266.0,271.0,266.92999267578125,2219655.0,261.9981689453125
2020-10-13,269.6000061035156,266.6700134277344,267.6099853515625,267.29998779296875,819350.0,262.361328125
2020-10-14,271.5199890136719,266.20001220703125,270.0,267.6099853515625,1730030.0,262.66558837890625
2020-10-15,269.5400085449219,265.20001220703125,268.0,265.8999938964844,1173905.0,260.9872131347656
2020-10-16,268.0,265.0,265.79998779296875,265.6199951171875,707750.0,260.7123718261719
2020-10-19,267.0,265.05999755859375,266.0,265.3800048828125,597970.0,262.95172119140625
2020-10-20,268.5400085449219,265.20001220703125,265.20001220703125,266.44000244140625,1064730.0,264.00201416015625
2020-10-21,268.7799987792969,265.6000061035156,267.30999755859375,266.3500061035156,782035.0,263.912841796875
2020-10-22,267.5400085449219,265.2699890136719,266.6000061035156,265.54998779296875,453130.0,263.1201171875
2020-10-23,266.57000732421875,265.3999938964844,265.79998779296875,265.5899963378906,422515.0,263.1597595214844
2020-10-26,266.20001220703125,263.6000061035156,265.79998779296875,264.1300048828125,797865.0,261.713134765625
2020-10-27,265.7799987792969,259.4100036621094,265.20001220703125,265.20001220703125,1070910.0,262.7733459472656
2020-10-28,267.79998779296875,262.0,264.79998779296875,266.6700134277344,925025.0,264.2298889160156
2020-10-29,268.0,262.0,262.0,266.1199951171875,828875.0,263.6849365234375
2020-10-30,265.8900146484375,262.0,264.55999755859375,263.0400085449219,581740.0,260.6331481933594
2020-11-02,264.3500061035156,260.0,264.0400085449219,260.45001220703125,619650.0,258.06683349609375
2020-11-03,262.29998779296875,260.0,260.6000061035156,260.2900085449219,536545.0,257.9082946777344
2020-11-04,261.760009765625,258.010009765625,258.57000732421875,260.1099853515625,642490.0,257.72991943359375
2020-11-05,263.30999755859375,260.2200012207031,260.2200012207031,262.0799865722656,798410.0,259.681884765625
2020-11-06,263.67999267578125,261.6600036621094,263.6000061035156,262.239990234375,540540.0,259.8404235839844
2020-11-09,264.510009765625,262.20001220703125,263.6000061035156,262.57000732421875,672440.0,260.16741943359375
2020-11-10,283.3699951171875,264.4100036621094,265.0,274.8699951171875,9449615.0,272.3548583984375
2020-11-11,281.3999938964844,268.6000061035156,279.6000061035156,274.25,3059480.0,271.74053955078125
2020-11-12,280.0,271.0199890136719,275.0,276.2900085449219,2471185.0,273.7618713378906
2020-11-13,280.6000061035156,273.17999267578125,273.79998779296875,277.8500061035156,3098180.0,275.3075866699219
2020-11-14,281.0,277.8500061035156,281.0,279.7300109863281,747940.0,277.17041015625
2020-11-17,281.3999938964844,274.5199890136719,279.7300109863281,276.05999755859375,2093560.0,273.5339660644531
2020-11-18,274.19000244140625,270.4200134277344,273.0,273.05999755859375,1559975.0,270.5614318847656
2020-11-19,276.0,272.0,272.79998779296875,275.2099914550781,1136050.0,272.6917419433594
2020-11-20,279.79998779296875,272.3299865722656,278.0,276.2300109863281,2517915.0,273.7024230957031
2020-11-23,274.79998779296875,271.3999938964844,273.6000061035156,272.4700012207031,1612630.0,269.9768371582031
2020-11-24,275.8399963378906,271.3999938964844,274.0400085449219,272.4599914550781,1122295.0,269.9668884277344
2020-11-25,274.0,270.6000061035156,274.0,270.7799987792969,949640.0,268.30230712890625
2020-11-26,271.989990234375,269.260009765625,271.20001220703125,270.2699890136719,614630.0,267.79693603515625
2020-11-27,273.3500061035156,269.260009765625,269.260009765625,270.69000244140625,994610.0,268.2131042480469
2020-12-01,273.6000061035156,270.70001220703125,271.6000061035156,271.6199951171875,946720.0,269.13458251953125
2020-12-02,273.760009765625,269.30999755859375,273.6000061035156,269.9800109863281,934200.0,267.5096130371094
2020-12-03,279.2099914550781,270.0,272.79998779296875,275.6099853515625,3157740.0,273.08807373046875
2020-12-04,319.3999938964844,276.3999938964844,276.3999938964844,314.1199951171875,52163150.0,311.2457275390625
2020-12-07,344.0,316.6000061035156,317.0,338.30999755859375,39043080.0,335.21435546875
2020-12-08,360.0,319.32000732421875,341.3599853515625,329.70001220703125,30540895.0,326.68316650390625
2020-12-09,340.25,320.20001220703125,333.32000732421875,323.54998779296875,18432185.0,320.58941650390625
2020-12-10,304.92999267578125,281.0,281.0,290.54998779296875,85934670.0,287.891357421875
2020-12-11,289.760009765625,280.0,280.7900085449219,284.20001220703125,48864630.0,281.5995178222656
2020-12-14,301.739990234375,284.4100036621094,284.9800109863281,295.79998779296875,47223000.0,293.09332275390625
2020-12-15,299.6000061035156,286.2200012207031,298.9800109863281,288.20001220703125,26369570.0,285.5628967285156
2020-12-16,291.17999267578125,284.0,290.760009765625,284.67999267578125,17800040.0,282.0751037597656
2020-12-17,288.2200012207031,284.04998779296875,286.20001220703125,284.9700012207031,6637615.0,282.3624572753906
2020-12-18,291.29998779296875,282.0,286.0,284.8999938964844,16348855.0,282.2930908203125
2020-12-21,287.5,271.79998779296875,284.760009765625,274.70001220703125,12783780.0,272.18646240234375
2020-12-22,281.7900085449219,267.2900085449219,274.79998779296875,279.80999755859375,13404085.0,277.2496643066406
2020-12-23,284.70001220703125,275.80999755859375,280.8800048828125,282.30999755859375,8163885.0,279.7267761230469
2020-12-24,285.67999267578125,280.6400146484375,284.20001220703125,281.7900085449219,6214910.0,279.2115478515625
2020-12-28,287.6600036621094,282.2200012207031,284.0,283.5899963378906,6621705.0,280.99505615234375
2020-12-29,285.5799865722656,281.6000061035156,285.20001220703125,282.1600036621094,4642735.0,279.5781555175781
2020-12-30,288.6000061035156,281.6000061035156,284.0,286.989990234375,8186020.0,284.36395263671875
2020-12-31,293.0,286.1499938964844,289.0,287.55999755859375,13220150.0,284.9287414550781
2021-01-01,291.79998779296875,288.0199890136719,289.3999938964844,289.0,5820940.0,286.3555908203125
2021-01-04,293.6000061035156,289.0,292.3999938964844,290.2099914550781,5262530.0,287.5544738769531
2021-01-05,292.6000061035156,286.2900085449219,288.739990234375,291.3699951171875,6194675.0,288.7038879394531
2021-01-06,302.9800109863281,289.79998779296875,292.3900146484375,296.69000244140625,21223825.0,293.9752197265625
2021-01-07,301.9800109863281,296.0,298.79998779296875,297.8900146484375,8845040.0,295.16424560546875
2021-01-08,301.9599914550781,292.1499938964844,300.79998779296875,294.29998779296875,7844545.0,291.6070861816406
2021-01-11,296.79998779296875,290.3999938964844,296.4700012207031,292.1400146484375,5149790.0,289.46685791015625
2021-01-12,299.3999938964844,290.79998779296875,292.1400146484375,296.0899963378906,9024105.0,293.38067626953125
2021-01-13,298.7099914550781,288.44000244140625,298.3999938964844,292.2300109863281,5903480.0,289.5560302734375
2021-01-14,296.42999267578125,290.489990234375,293.69000244140625,292.6199951171875,5618095.0,289.94244384765625
2021-01-15,294.0,287.3999938964844,293.69000244140625,288.239990234375,4983220.0,285.6025085449219
2021-01-18,292.3699951171875,283.5400085449219,289.69000244140625,284.6700134277344,6329360.0,282.0652160644531
2021-01-19,289.57000732421875,286.55999755859375,287.6000061035156,288.70001220703125,2887500.0,286.0583190917969
2021-01-20,291.67999267578125,287.3999938964844,290.0,290.5400085449219,2870575.0,287.8815002441406
2021-01-21,296.6300048828125,290.0,292.0,290.8999938964844,6042200.0,288.2381896972656
2021-01-22,292.489990234375,284.6199951171875,290.79998779296875,286.489990234375,4410035.0,283.8685302734375
2021-01-25,289.0899963378906,283.4100036621094,286.6000061035156,285.25,3497400.0,282.6398620605469
2021-01-27,288.7300109863281,284.45001220703125,286.54998779296875,287.6499938964844,4115535.0,285.0179443359375
2021-01-28,299.739990234375,286.6000061035156,287.29998779296875,291.4100036621094,14139780.0,288.7435302734375
2021-01-29,295.7900085449219,289.0400085449219,293.6000061035156,291.2200012207031,7003680.0,288.5552673339844
2021-02-01,299.5400085449219,290.2300109863281,293.95001220703125,291.9800109863281,12208490.0,289.3083190917969
2021-02-02,295.6000061035156,292.2699890136719,293.6000061035156,294.1000061035156,5315880.0,291.4089050292969
2021-02-03,299.6000061035156,292.42999267578125,295.4800109863281,293.8699951171875,9312665.0,291.1810302734375
2021-02-04,308.0,292.8500061035156,294.9599914550781,303.7799987792969,11025600.0,301.00030517578125
2021-02-05,313.6000061035156,303.0,309.94000244140625,311.0,15029430.0,308.1542663574219
2021-02-08,325.79998779296875,312.3999938964844,313.9599914550781,323.739990234375,24263805.0,320.7776794433594
2021-02-09,337.7799987792969,318.3999938964844,324.79998779296875,328.3500061035156,26576235.0,325.34552001953125
2021-02-10,334.79998779296875,322.2200012207031,329.67999267578125,323.67999267578125,15255270.0,320.71826171875
2021-02-11,327.3900146484375,322.3500061035156,325.20001220703125,323.79998779296875,5604990.0,320.8371276855469
2021-02-12,353.5400085449219,325.20001220703125,325.489990234375,346.3800048828125,36497695.0,343.2105407714844
2021-02-15,349.0,336.3999938964844,346.79998779296875,342.6199951171875,14605000.0,339.48492431640625
2021-02-16,346.75,332.3999938964844,343.6000061035156,334.8299865722656,8881850.0,331.7662048339844
2021-02-17,346.0,331.3999938964844,334.3999938964844,339.7300109863281,10460450.0,336.62139892578125
2021-02-18,345.20001220703125,337.2099914550781,337.2099914550781,340.239990234375,4680520.0,337.126708984375
2021-02-19,343.04998779296875,331.19000244140625,340.5899963378906,335.0799865722656,4986820.0,332.013916015625
2021-02-22,335.0,319.6000061035156,335.0,323.1700134277344,8588995.0,320.2129211425781
2021-02-23,328.4200134277344,318.55999755859375,322.989990234375,326.5799865722656,4687445.0,323.5916748046875
2021-02-24,339.3999938964844,326.0199890136719,327.6000061035156,335.0899963378906,3235425.0,332.0238342285156
2021-02-25,347.95001220703125,334.0,337.0,345.3900146484375,9537220.0,342.2296142578125
2021-02-26,361.989990234375,336.0,339.0,351.92999267578125,25638605.0,348.7097473144531
2021-03-01,394.9700012207031,355.1099853515625,357.5899963378906,387.69000244140625,33081285.0,384.1425476074219
2021-03-02,397.6000061035156,374.010009765625,394.1000061035156,379.5299987792969,27796385.0,376.05718994140625
2021-03-03,386.0,376.0,379.79998779296875,377.2200012207031,9159855.0,373.7683410644531
2021-03-04,403.1600036621094,374.0,377.0,392.2200012207031,47960940.0,388.6310729980469
2021-03-05,399.67999267578125,379.20001220703125,393.989990234375,388.1700134277344,17979140.0,384.6181640625
2021-03-08,405.3999938964844,385.32000732421875,392.0,403.0899963378906,20916905.0,399.4016418457031
2021-03-09,414.6000061035156,403.0,410.0,405.3399963378906,23912320.0,401.63104248046875
2021-03-10,409.55999755859375,401.3999938964844,409.0,403.70001220703125,8479065.0,400.00604248046875
2021-03-12,412.739990234375,393.0,406.0,397.4700012207031,12514795.0,393.8330383300781
2021-03-15,401.2900085449219,383.0,401.2900085449219,389.4100036621094,10548415.0,385.8468017578125
2021-03-16,387.94000244140625,378.0,385.7200012207031,380.80999755859375,11025335.0,377.3254699707031
2021-03-17,383.8900146484375,360.20001220703125,381.0,364.79998779296875,11818755.0,361.46197509765625
2021-03-18,372.0,348.0,367.6000061035156,353.3299865722656,18337275.0,350.096923828125
2021-03-19,375.0,340.6000061035156,350.0,371.0899963378906,24535040.0,367.6944580078125
2021-03-22,375.79998779296875,360.8299865722656,371.3999938964844,367.6099853515625,11250950.0,364.2462463378906
2021-03-23,372.20001220703125,366.20001220703125,369.70001220703125,368.42999267578125,6601325.0,365.05877685546875
2021-03-24,367.3599853515625,350.0799865722656,365.94000244140625,352.1099853515625,10445515.0,348.8880920410156
2021-03-25,353.79998779296875,341.0,353.79998779296875,344.3699951171875,10838460.0,341.21893310546875
2021-03-26,354.0,343.6600036621094,350.0,349.4800109863281,8880665.0,346.28216552734375
2021-03-30,354.79998779296875,348.0799865722656,348.0799865722656,351.04998779296875,7365165.0,347.8377685546875
2021-03-31,354.989990234375,347.0,351.739990234375,351.3999938964844,5430005.0,348.1846008300781
2021-04-01,355.8900146484375,350.0,352.0,350.3500061035156,4724735.0,347.14422607421875
2021-04-05,347.5899963378906,335.4800109863281,345.20001220703125,340.5299987792969,8114150.0,337.4140625
2021-04-06,343.79998779296875,336.6000061035156,340.5299987792969,337.7099914550781,5058525.0,334.6198425292969
2021-04-07,344.2799987792969,334.6000061035156,336.8399963378906,341.79998779296875,7335430.0,338.67242431640625
2021-04-08,347.8399963378906,336.0,339.760009765625,345.2799987792969,9702175.0,342.12060546875
2021-04-09,350.739990234375,343.0,346.0,346.17999267578125,6254115.0,343.0123596191406
2021-04-12,339.5400085449219,314.69000244140625,336.0400085449219,316.3999938964844,14036295.0,313.5048522949219
2021-04-13,324.6000061035156,316.4100036621094,316.4100036621094,322.3299865722656,6131320.0,319.3805847167969
2021-04-15,326.5799865722656,317.79998779296875,318.4200134277344,321.6199951171875,5790815.0,318.6770935058594
2021-04-16,327.6199951171875,321.20001220703125,322.20001220703125,325.489990234375,4840415.0,322.5116882324219
2021-04-19,324.0,310.0,310.0,322.5400085449219,5966190.0,319.58868408203125
2021-04-20,329.7900085449219,323.20001220703125,323.20001220703125,328.010009765625,5716145.0,325.0086364746094
2021-04-22,336.20001220703125,322.79998779296875,322.79998779296875,334.6099853515625,4942510.0,331.5482177734375
2021-04-23,343.5799865722656,332.20001220703125,334.0,342.3999938964844,8147370.0,339.2669677734375
2021-04-26,347.8500061035156,343.6000061035156,344.3800048828125,346.1700134277344,3958795.0,343.0024719238281
2021-04-27,360.5199890136719,342.92999267578125,346.0,358.6400146484375,11298835.0,355.3583679199219
2021-04-28,363.6000061035156,355.0,360.0,359.1700134277344,7690145.0,355.8835144042969
2021-04-29,363.6000061035156,353.05999755859375,360.20001220703125,358.510009765625,6060475.0,355.22955322265625
2021-04-30,361.8299865722656,351.54998779296875,356.9800109863281,358.2799987792969,3783275.0,355.00164794921875
2021-05-03,356.3900146484375,350.6000061035156,352.20001220703125,353.1099853515625,3866580.0,349.8789367675781
2021-05-04,357.80999755859375,352.20001220703125,357.0,354.0400085449219,2930215.0,350.8004455566406
2021-05-05,356.5899963378906,343.0,355.0,344.7300109863281,6078590.0,341.5756530761719
2021-05-06,348.79998779296875,343.2099914550781,347.1000061035156,345.0400085449219,2386180.0,341.8828125
2021-05-07,341.9700012207031,336.29998779296875,340.0,338.67999267578125,4155495.0,335.58099365234375
2021-05-10,351.5,338.19000244140625,340.0,349.7300109863281,5144555.0,346.5298767089844
2021-05-11,360.0799865722656,344.6099853515625,345.0,358.4599914550781,6486335.0,355.17999267578125
2021-05-12,365.79998779296875,346.55999755859375,359.79998779296875,349.32000732421875,8139435.0,346.1236572265625
2021-05-14,354.79998779296875,346.0,352.0,349.5299987792969,5857255.0,346.3316955566406
2021-05-17,356.20001220703125,348.6000061035156,352.6300048828125,352.4200134277344,3874060.0,349.1952819824219
2021-05-18,368.54998779296875,354.04998779296875,356.0,367.010009765625,9526800.0,363.65179443359375
2021-05-19,376.989990234375,368.0,368.79998779296875,371.6199951171875,10493850.0,368.2195739746094
2021-05-20,374.0799865722656,364.55999755859375,372.3999938964844,371.1300048828125,4799150.0,367.73406982421875
2021-05-21,378.94000244140625,370.010009765625,372.0,372.3999938964844,6000765.0,368.992431640625
2021-05-24,380.55999755859375,373.4800109863281,374.0,376.8999938964844,6355885.0,373.4512634277344
2021-05-25,382.79998779296875,378.0,380.29998779296875,381.5899963378906,4947580.0,378.09832763671875
2021-05-26,386.010009765625,377.6000061035156,384.0,378.80999755859375,4613785.0,375.3437805175781
2021-05-27,388.2300109863281,375.20001220703125,380.0,385.6700134277344,11421490.0,382.1410217285156
2021-05-28,385.6700134277344,377.7699890136719,385.6000061035156,379.25,3356385.0,375.7797546386719
2021-05-31,383.79998779296875,379.42999267578125,381.9700012207031,380.6400146484375,2485790.0,377.1570739746094
2021-06-01,384.5299987792969,377.6000061035156,382.3599853515625,378.9200134277344,2098710.0,375.45281982421875
2021-06-02,385.5,379.04998779296875,379.989990234375,383.5899963378906,2883775.0,380.080078125
2021-06-03,389.7200012207031,383.20001220703125,385.6000061035156,384.3599853515625,2749735.0,380.8429870605469
2021-06-04,387.3999938964844,382.7099914550781,387.3999938964844,384.3399963378906,1798105.0,380.82318115234375
2021-06-07,422.7699890136719,385.3399963378906,387.79998779296875,418.9599914550781,30720335.0,415.12640380859375
2021-06-08,436.79998779296875,424.3999938964844,426.19000244140625,428.9700012207031,32451425.0,425.0448303222656
2021-06-09,432.6000061035156,412.0,432.0,414.239990234375,11678705.0,410.4495849609375
2021-06-10,424.20001220703125,410.3299865722656,418.70001220703125,421.2699890136719,8977510.0,417.4152526855469
2021-06-11,426.3999938964844,416.20001220703125,423.0,418.75,4220295.0,414.9183349609375
2021-06-14,418.3999938964844,405.0,417.989990234375,412.8800048828125,5011980.0,409.10205078125
2021-06-15,427.9700012207031,412.3999938964844,414.20001220703125,419.5899963378906,9562490.0,415.7506408691406
2021-06-16,424.3900146484375,415.05999755859375,421.8900146484375,417.989990234375,4284715.0,414.165283203125
2021-06-17,417.7900085449219,407.2799987792969,414.0,410.0799865722656,3771420.0,406.32763671875
2021-06-18,414.04998779296875,395.7300109863281,414.04998779296875,402.3399963378906,6521685.0,398.6584777832031
2021-06-21,418.75,396.2300109863281,400.0,415.3699951171875,8466300.0,411.5692443847656
2021-06-22,425.6700134277344,415.0,420.0,416.6000061035156,6428745.0,412.7879943847656
2021-06-23,422.2799987792969,414.3999938964844,420.3999938964844,415.6499938964844,4048120.0,411.8467102050781
2021-06-24,419.6000061035156,413.20001220703125,419.6000061035156,414.5899963378906,2707570.0,410.79638671875
2021-06-25,417.70001220703125,410.6199951171875,416.8699951171875,413.7699890136719,2379110.0,409.98388671875
2021-06-28,422.489990234375,413.67999267578125,416.79998779296875,415.54998779296875,3538660.0,411.74761962890625
2021-06-29,425.3800048828125,413.010009765625,418.3999938964844,416.3699951171875,8367385.0,412.56011962890625
2021-06-30,420.75,404.2900085449219,412.1099853515625,406.7699890136719,12814570.0,403.0479431152344
2021-07-01,411.7699890136719,406.05999755859375,409.55999755859375,406.9599914550781,3754990.0,403.2362060546875
2021-07-02,413.7900085449219,407.3999938964844,409.6000061035156,412.1099853515625,2610295.0,408.3390808105469
2021-07-05,439.0,413.6300048828125,416.79998779296875,434.7200012207031,15752915.0,430.7422180175781
2021-07-06,444.3999938964844,432.0,440.0,433.7799987792969,19202485.0,429.8108215332031
2021-07-07,439.79998779296875,432.07000732421875,433.7799987792969,437.69000244140625,5026855.0,433.6850280761719
2021-07-08,449.6000061035156,437.0,439.0,438.7799987792969,13226030.0,434.7650451660156
2021-07-09,444.79998779296875,433.69000244140625,438.7799987792969,441.8500061035156,7415555.0,437.8069763183594
2021-07-12,454.3800048828125,443.45001220703125,445.7900085449219,452.5799865722656,10442855.0,448.4387512207031
2021-07-13,456.7900085449219,451.2300109863281,454.6000061035156,454.8900146484375,8587235.0,450.7276611328125
2021-07-14,456.3800048828125,449.1099853515625,456.3800048828125,453.2799987792969,3411760.0,449.13238525390625
2021-07-15,459.4200134277344,450.20001220703125,453.2799987792969,453.6600036621094,4459290.0,449.5088806152344
2021-07-16,491.4800109863281,453.75,454.79998779296875,485.3299865722656,34640095.0,480.88909912109375
2021-07-19,491.20001220703125,477.0899963378906,480.9800109863281,484.8999938964844,11797880.0,480.4630432128906
2021-07-20,495.989990234375,474.0,487.20001220703125,476.1300048828125,12440815.0,471.7732849121094
2021-07-22,483.4100036621094,468.3999938964844,480.79998779296875,473.0299987792969,6746515.0,468.70166015625
2021-07-23,476.489990234375,463.20001220703125,473.9800109863281,465.07000732421875,5243460.0,460.81451416015625
2021-07-26,473.0,460.4100036621094,466.8999938964844,462.6600036621094,6531495.0,458.4265441894531
2021-07-27,469.3999938964844,456.20001220703125,465.5899963378906,459.1099853515625,4632295.0,454.90899658203125
2021-07-28,463.0,452.57000732421875,461.0,456.7300109863281,3579030.0,452.55084228515625
2021-07-29,468.70001220703125,457.20001220703125,457.55999755859375,464.2200012207031,4462290.0,459.9722900390625
2021-07-30,472.3999938964844,460.0,464.79998779296875,466.260009765625,4357415.0,461.99359130859375
2021-08-02,502.6000061035156,484.4700012207031,493.79998779296875,493.7799987792969,36666555.0,489.26177978515625
2021-08-03,499.5,489.0,496.25,493.57000732421875,8598145.0,489.0537109375
2021-08-04,507.0,493.1300048828125,496.0,498.2300109863281,11512810.0,493.67108154296875
2021-08-05,504.3999938964844,493.05999755859375,500.20001220703125,494.5799865722656,7075850.0,490.0544738769531
2021-08-06,500.9200134277344,494.7799987792969,497.0,497.5199890136719,3553315.0,492.9675598144531
2021-08-09,536.0,499.4700012207031,500.0799865722656,529.6400146484375,27172245.0,524.7936401367188
2021-08-10,545.0,524.0,533.0,527.9199829101562,22718380.0,523.0894165039062
2021-08-11,534.3699951171875,505.6000061035156,531.3900146484375,514.4500122070312,14865920.0,509.74267578125
2021-08-12,545.77001953125,514.4500122070312,518.7899780273438,537.9600219726562,30341990.0,533.0375366210938
2021-08-13,542.8599853515625,527.5999755859375,542.8599853515625,532.1400146484375,11688585.0,527.2708129882812
2021-08-16,534.760009765625,522.4000244140625,534.760009765625,525.9199829101562,4956310.0,521.107666015625
2021-08-17,539.0,523.0,526.0,533.9199829101562,8253620.0,529.0344848632812
2021-08-18,550.0,534.6500244140625,536.5499877929688,543.8099975585938,13629770.0,538.8340454101562
2021-08-20,542.5999755859375,522.2000122070312,540.0,529.260009765625,8280035.0,524.4171142578125
2021-08-23,536.989990234375,507.1099853515625,533.0,510.82000732421875,8559910.0,506.1458740234375
2021-08-24,522.3099975585938,508.0,514.0,512.9600219726562,6996380.0,508.2663269042969
2021-08-25,530.7000122070312,514.1500244140625,515.3800048828125,527.2999877929688,12582655.0,522.4750366210938
2021-08-26,532.780029296875,523.0,529.5900268554688,524.3400268554688,7009955.0,519.5421752929688
2021-08-27,531.3599853515625,521.0,525.0,529.739990234375,4466105.0,524.8927001953125
2021-08-30,542.5999755859375,531.7999877929688,533.5999755859375,539.5499877929688,6642175.0,534.6129760742188
2021-08-31,551.9000244140625,540.2000122070312,542.2000122070312,550.4000244140625,10251115.0,545.3637084960938
2021-09-01,553.0800170898438,543.5999755859375,551.0,549.25,4574825.0,544.2241821289062
2021-09-02,571.5999755859375,548.5999755859375,549.2000122070312,565.989990234375,12314090.0,560.81103515625
2021-09-03,579.4600219726562,565.2999877929688,568.7999877929688,573.97998046875,8757735.0,568.7279052734375
2021-09-06,608.0,575.8300170898438,577.1199951171875,601.6799926757812,25302570.0,596.1744384765625
2021-09-07,661.0,609.0700073242188,610.0,657.3800048828125,57776555.0,651.3648071289062
2021-09-08,684.530029296875,653.1099853515625,666.0,659.280029296875,44363970.0,653.2474365234375
2021-09-09,671.5999755859375,636.4500122070312,650.0,659.0,28326075.0,652.969970703125
2021-09-13,690.1400146484375,662.0,663.0,687.1500244140625,23892315.0,680.8624267578125
2021-09-14,751.760009765625,695.2000122070312,697.4000244140625,747.6900024414062,59109125.0,740.8484497070312
2021-09-15,787.97998046875,730.4500122070312,758.7999877929688,736.4500122070312,42781400.0,729.7113037109375
2021-09-16,759.75,736.4500122070312,748.9600219726562,753.9400024414062,18011055.0,747.041259765625
2021-09-17,803.9400024414062,758.1400146484375,764.0,772.6799926757812,61620795.0,765.6097412109375
2021-09-20,769.760009765625,736.0399780273438,769.760009765625,741.5800170898438,23477555.0,734.7943725585938
2021-09-21,769.9600219726562,710.0,745.72998046875,724.9099731445312,26517155.0,723.152587890625
2021-09-22,750.0,728.0999755859375,734.7999877929688,734.260009765625,14540470.0,732.47998046875
2021-09-23,751.7999877929688,736.0,748.7999877929688,738.8099975585938,7153935.0,737.0189208984375
2021-09-24,747.2000122070312,728.0,744.0,737.8499755859375,7698190.0,736.061279296875
2021-09-27,773.0,740.2000122070312,747.02001953125,766.97998046875,18612320.0,765.1206665039062
2021-09-28,795.0,756.4000244140625,779.0,773.1199951171875,32886570.0,771.2457885742188
2021-09-29,771.780029296875,751.1099853515625,771.780029296875,754.030029296875,12895755.0,752.2020874023438
2021-09-30,776.0,755.4400024414062,764.0,759.7000122070312,14624460.0,757.8583374023438
2021-10-01,764.2000122070312,746.6300048828125,755.4000244140625,758.719970703125,7999080.0,756.8806762695312
2021-10-04,812.969970703125,761.6799926757812,762.52001953125,801.780029296875,26394340.0,799.8363037109375
2021-10-05,841.6799926757812,801.0,817.0,833.219970703125,36846475.0,831.2000732421875
2021-10-06,902.0,836.0,839.7999877929688,892.6699829101562,58581180.0,890.5059204101562
2021-10-07,953.7899780273438,905.010009765625,919.5999755859375,938.1799926757812,43227600.0,935.9056396484375
2021-10-08,992.8400268554688,944.219970703125,964.7999877929688,975.3099975585938,61367310.0,972.9456176757812
2021-10-11,985.7000122070312,950.0,980.97998046875,954.510009765625,30074685.0,952.196044921875
2021-10-12,975.4000244140625,945.0,953.0,963.4500122070312,16397000.0,961.1143798828125
2021-10-13,992.0,966.25,970.2000122070312,985.760009765625,16210660.0,983.3703002929688
2021-10-14,1118.800048828125,998.0,1000.7999877929688,1092.7099609375,71177100.0,1090.0609130859375
2021-10-18,1193.4000244140625,1115.010009765625,1118.800048828125,1175.5400390625,39694580.0,1172.6903076171875
2021-10-19,1279.260009765625,999.2100219726562,1235.0,1090.969970703125,74305750.0,1088.3251953125
2021-10-20,999.9600219726562,875.4600219726562,981.8800048828125,886.8699951171875,98333925.0,884.7200317382812
2021-10-21,950.0,882.8200073242188,888.1400146484375,914.6500244140625,46361195.0,912.4326782226562
2021-10-22,936.0,890.010009765625,925.5999755859375,924.510009765625,28022520.0,922.268798828125
2021-10-25,937.0,792.219970703125,937.0,804.469970703125,38866505.0,802.5197143554688
2021-10-26,880.0,810.2000122070312,813.5999755859375,837.9000244140625,41011205.0,835.8687744140625
2021-10-27,866.9600219726562,806.75,850.0999755859375,826.030029296875,26793965.0,824.0275268554688
2021-10-28,983.0,810.0,817.0,913.5,59298778.0,911.2854614257812
2021-10-29,906.4500122070312,639.4500122070312,822.1500244140625,845.7000122070312,82848030.0,843.6498413085938
2021-11-01,885.0,809.25,874.2000122070312,855.4500122070312,29989312.0,853.376220703125
2021-11-02,868.7999877929688,844.25,868.4000244140625,848.2000122070312,9742650.0,846.143798828125
2021-11-03,848.9000244140625,815.0999755859375,840.0,819.8499755859375,10088006.0,817.8624877929688
2021-11-04,828.25,820.0,828.25,822.25,2229843.0,820.2566528320312
2021-11-08,840.0,779.8499755859375,819.0,832.8499755859375,11974709.0,830.8309326171875
2021-11-09,858.0,834.0,835.0,856.0,9656004.0,853.9248657226562
2021-11-10,866.0,847.0,856.0,849.8499755859375,6275409.0,847.7897338867188
2021-11-11,856.0,835.0,849.0,847.2999877929688,4924717.0,845.2459106445312
2021-11-12,876.0,847.0,853.0,864.8499755859375,9255302.0,862.7533569335938
2021-11-15,923.0,869.0,877.9500122070312,903.4000244140625,21402501.0,901.2099609375
2021-11-16,929.0,911.3499755859375,915.7999877929688,921.0499877929688,9298944.0,918.817138671875
2021-11-17,928.7000122070312,900.0999755859375,925.0,903.5999755859375,7189458.0,901.409423828125
2021-11-18,905.9000244140625,871.0999755859375,903.5,890.6500244140625,7714073.0,888.4908447265625
2021-11-22,919.7000122070312,872.3499755859375,912.0,886.75,11376478.0,884.6002807617188
2021-11-23,897.5999755859375,872.5999755859375,877.0,892.7999877929688,6078636.0,890.6356201171875
2021-11-24,901.7000122070312,853.0999755859375,898.0,862.7999877929688,7679846.0,860.7083740234375
2021-11-25,874.5,835.6500244140625,863.0,865.5499877929688,9169669.0,863.45166015625
2021-11-26,854.9500122070312,820.0,849.0,823.0499877929688,10211011.0,821.0546875
2021-11-29,801.0,750.5499877929688,786.0,775.7999877929688,13888743.0,773.9192504882812
2021-11-30,819.9000244140625,787.5999755859375,790.2999877929688,795.1500244140625,37176726.0,793.222412109375
2021-12-01,817.0,796.3499755859375,809.0,811.9500122070312,6448797.0,809.9816284179688
2021-12-02,825.0,803.0,815.25,821.25,4869021.0,819.2590942382812
2021-12-03,831.4500122070312,810.0,819.0,819.9000244140625,4777395.0,817.9124145507812
2021-12-06,819.5,798.2000122070312,815.0,801.4000244140625,4473930.0,799.4572143554688
2021-12-07,829.7999877929688,807.0,809.9500122070312,823.0499877929688,4528051.0,821.0546875
2021-12-08,856.7000122070312,829.0499877929688,830.5,851.4000244140625,7190775.0,849.3359985351562
2021-12-09,863.0,841.5499877929688,856.0,856.8499755859375,5118754.0,854.7727661132812
2021-12-10,869.9500122070312,850.0,851.0,857.9500122070312,4358630.0,855.8701171875
2021-12-13,878.2000122070312,856.25,862.5,858.7000122070312,4485978.0,856.6183471679688
2021-12-14,860.0,843.0,860.0,855.0499877929688,3374432.0,852.9771118164062
2021-12-15,867.4000244140625,848.0,851.2000122070312,851.2000122070312,2762485.0,849.136474609375
2021-12-16,860.7999877929688,841.3499755859375,857.0499877929688,852.1500244140625,2918474.0,850.084228515625
2021-12-17,851.9000244140625,825.4500122070312,850.0,832.4000244140625,4227183.0,830.382080078125
2021-12-20,825.7000122070312,780.7000122070312,807.0,794.0999755859375,7418777.0,792.1748657226562
2021-12-21,818.8499755859375,800.0,805.0,814.75,3613582.0,812.7748413085938
2021-12-22,842.5999755859375,819.0,820.0,839.75,3721795.0,837.7142333984375
2021-12-23,847.3499755859375,834.2000122070312,846.7000122070312,841.3499755859375,2917612.0,839.3103637695312
2021-12-24,842.7999877929688,828.5,841.0,837.2000122070312,2502607.0,835.17041015625
2021-12-27,840.0,823.0,823.0,839.0,2640676.0,836.966064453125
2021-12-28,876.5999755859375,840.5499877929688,840.7000122070312,863.5,8220616.0,861.4066772460938
2021-12-29,864.0,847.0,859.4500122070312,849.3499755859375,3670117.0,847.2909545898438
2021-12-30,847.7999877929688,831.0999755859375,846.7000122070312,833.0,3488161.0,830.9805908203125
2021-12-31,840.0,829.1500244140625,834.9000244140625,831.75,2712460.0,829.733642578125
2022-01-03,850.0,830.3499755859375,831.9000244140625,845.6500244140625,3501695.0,843.5999755859375
2022-01-04,853.7000122070312,843.2999877929688,850.0,848.0499877929688,2496924.0,845.994140625
2022-01-05,847.0999755859375,828.0,845.0,840.5999755859375,3312721.0,838.5621337890625
2022-01-06,847.9000244140625,825.0,825.0,843.25,2842824.0,841.2057495117188
2022-01-07,888.0,842.4500122070312,843.25,860.9500122070312,12254034.0,858.8628540039062
2022-01-10,878.75,862.5,862.5,873.4500122070312,4778546.0,871.3325805664062
2022-01-11,883.0,859.1500244140625,875.0,862.4000244140625,3257687.0,860.3093872070312
2022-01-12,869.4000244140625,848.25,868.7999877929688,861.25,3419540.0,859.162109375
2022-01-13,874.0,853.0499877929688,861.25,868.1500244140625,3384510.0,866.04541015625
2022-01-14,908.0,856.7000122070312,863.9000244140625,902.7000122070312,14072932.0,900.5116577148438
2022-01-17,918.6500244140625,891.25,910.0,897.3499755859375,6834869.0,895.174560546875
2022-01-18,904.2000122070312,855.9000244140625,899.9000244140625,861.0999755859375,5857768.0,859.012451171875
2022-01-19,877.9500122070312,850.2999877929688,863.5,875.9500122070312,4437914.0,873.8264770507812
2022-01-20,885.0,865.6500244140625,875.75,880.4000244140625,3262969.0,878.2657470703125
2022-01-21,881.0,855.0,873.0,861.7000122070312,3915909.0,859.6110229492188
2022-01-24,860.1500244140625,805.0,859.5,809.7999877929688,7654105.0,807.8368530273438
2022-01-25,833.0,784.7999877929688,809.0,829.9000244140625,5090144.0,827.8881225585938
2022-01-27,824.4000244140625,803.0,818.5999755859375,813.7999877929688,4740612.0,811.8271484375
2022-01-28,860.0,817.0,825.75,844.5999755859375,5541007.0,842.552490234375
2022-01-31,880.9500122070312,849.5999755859375,855.0,868.0,4650001.0,865.895751953125
2022-02-01,899.9000244140625,848.5999755859375,894.5999755859375,856.9000244140625,11012459.0,854.8226928710938
2022-02-02,868.0,857.0,863.0,860.9000244140625,2531086.0,858.81298828125
2022-02-03,871.8499755859375,857.0,860.5,860.6500244140625,2603770.0,858.5635986328125
2022-02-04,865.5,851.25,861.0,855.75,2105561.0,853.6754760742188
2022-02-07,868.5499877929688,830.0,858.75,835.5999755859375,4119747.0,833.5742797851562
2022-02-08,848.5999755859375,821.5,842.5,838.0499877929688,3851680.0,836.0183715820312
2022-02-09,868.4000244140625,845.0999755859375,859.0,849.9500122070312,6791815.0,847.8895263671875
2022-02-10,855.1500244140625,840.2999877929688,855.0,845.9000244140625,2569073.0,843.849365234375
2022-02-11,841.9500122070312,825.0,835.5,830.75,2582020.0,828.736083984375
2022-02-14,819.9500122070312,792.3499755859375,819.5,798.3499755859375,4917765.0,796.4146118164062
2022-02-15,823.0,791.5,805.0,820.5,4358562.0,818.5109252929688
2022-02-16,838.0,820.2000122070312,830.7999877929688,825.0,2883449.0,823.0
2022-02-17,834.0,820.0,829.9500122070312,821.8499755859375,2350333.0,821.8499755859375
2022-02-18,827.2999877929688,813.0499877929688,818.0,816.3499755859375,1905006.0,816.3499755859375
2022-02-21,816.0,796.0,810.0,803.4000244140625,3000870.0,803.4000244140625
2022-02-22,799.3499755859375,780.0,781.0,789.5999755859375,4301060.0,789.5999755859375
2022-02-23,819.0,795.0,799.9000244140625,814.3499755859375,4772916.0,814.3499755859375
2022-02-24,794.3499755859375,735.0,775.0,738.0499877929688,10021435.0,738.0499877929688
2022-02-25,803.5,768.0,770.0,800.0,7097351.0,800.0
2022-02-28,812.0,780.2000122070312,780.2999877929688,809.3499755859375,4654745.0,809.3499755859375
2022-03-02,815.7999877929688,795.0,795.0,808.7999877929688,3010826.0,808.7999877929688
2022-03-03,822.0,796.8499755859375,822.0,799.6500244140625,2962409.0,799.6500244140625
2022-03-04,780.2000122070312,730.0,780.0,747.25,15395743.0,747.25
2022-03-07,740.0,708.4000244140625,740.0,718.0,6257302.0,718.0
2022-03-08,728.9500122070312,709.0499877929688,718.0,718.0499877929688,4872109.0,718.0499877929688
2022-03-09,738.5999755859375,719.0499877929688,730.9500122070312,735.0499877929688,4485413.0,735.0499877929688
2022-03-10,772.0,750.0,762.0,758.0999755859375,5542997.0,758.0999755859375
2022-03-11,765.0,748.0,754.2999877929688,757.75,2461743.0,757.75
2022-03-14,762.8499755859375,738.5499877929688,743.0,752.8499755859375,3574348.0,752.8499755859375
2022-03-15,769.9000244140625,751.0499877929688,759.0,756.4000244140625,3053279.0,756.4000244140625
2022-03-16,773.5999755859375,764.4000244140625,768.0,768.25,2456680.0,768.25
2022-03-17,779.5999755859375,767.1500244140625,776.25,770.4500122070312,2471381.0,770.4500122070312
2022-03-21,782.7000122070312,768.0,773.0499877929688,770.75,2165538.0,770.75
2022-03-22,774.0,752.0999755859375,774.0,765.7999877929688,2670547.0,765.7999877929688
2022-03-23,785.5999755859375,763.0,772.0,766.4500122070312,3000265.0,766.4500122070312
2022-03-24,779.4000244140625,760.2999877929688,766.4000244140625,772.5,1803315.0,772.5
2022-03-25,779.25,768.0,779.0,770.0499877929688,1756340.0,770.0499877929688
2022-03-28,776.9500122070312,758.5999755859375,771.0,766.25,2500762.0,766.25
2022-03-29,775.75,766.0,769.0,767.5999755859375,2496305.0,767.5999755859375
2022-03-30,795.0,769.0,773.0,789.5499877929688,5002096.0,789.5499877929688
2022-03-31,792.75,773.0,791.0499877929688,774.7000122070312,2496423.0,774.7000122070312
2022-04-01,802.6500244140625,775.5499877929688,777.0,798.2000122070312,4160527.0,798.2000122070312
